Epoch | ENCODER Train | ENCODER Val | ENCODER R2 | MLP Train | MLP Val | MLP R2 | MLP_EMBEDDING Train | MLP_EMBEDDING Val | MLP_EMBEDDING R2 | MLP_VAE_EMBEDDING Train | MLP_VAE_EMBEDDING Val | MLP_VAE_EMBEDDING R2 | TABM Train | TABM Val | TABM R2 | TABM_EMBEDDING Train | TABM_EMBEDDING Val | TABM_EMBEDDING R2 | TABM_VAE_EMBEDDING Train | TABM_VAE_EMBEDDING Val | TABM_VAE_EMBEDDING R2 | VAE_ENCODER Train | VAE_ENCODER Val | VAE_ENCODER R2
--------------------------------------------------------------------------------------------------------------------------------------------------------------------------------------------------------------------------------------------------------------------------------------------------------------------------------------------------------------------------------------------------------------------------------------------------------------------
    1 |        1.0178 |      1.0178 |         nan |        0.1970 |      0.0215 |     -3.3308 |        0.1482 |      0.0462 |     -7.1342 |        0.2027 |      0.0602 |     -9.7864 |        0.4612 |      0.1171 |    -19.3168 |        0.4625 |      0.1036 |    -18.2370 |        0.4745 |      0.1336 |    -22.5424 |        1.0388 |      1.0388 |         nan
    2 |        1.0149 |      1.0149 |         nan |        0.1191 |      0.0480 |     -8.7033 |        0.0768 |      0.0136 |     -1.5676 |        0.0874 |      0.0163 |     -2.1993 |        0.2851 |      0.0748 |    -12.4913 |        0.2996 |      0.0828 |    -14.1292 |        0.3043 |      0.0990 |    -16.4584 |        1.0257 |      1.0257 |         nan
    3 |        0.9964 |      0.9964 |         nan |        0.0847 |      0.0194 |     -2.9144 |        0.0574 |      0.0125 |     -1.4782 |        0.0661 |      0.0108 |     -1.0974 |        0.2118 |      0.0538 |     -8.4703 |        0.2107 |      0.0692 |    -11.0347 |        0.2273 |      0.0759 |    -12.7394 |        1.0500 |      1.0500 |         nan
    4 |        0.9888 |      0.9888 |         nan |        0.0658 |      0.0171 |     -2.4159 |        0.0532 |      0.0094 |     -0.8137 |        0.0530 |      0.0080 |     -0.6005 |        0.1655 |      0.0395 |     -5.9305 |        0.1693 |      0.0647 |    -10.5422 |        0.1792 |      0.0587 |     -9.5064 |        1.0035 |      1.0035 |         nan
    5 |        0.9167 |      0.9167 |         nan |        0.0455 |      0.0116 |     -1.2668 |        0.0317 |      0.0063 |     -0.2530 |        0.0428 |      0.0103 |     -1.0294 |        0.1223 |      0.0340 |     -5.2568 |        0.1286 |      0.0371 |     -5.5279 |        0.1389 |      0.0489 |     -7.6838 |        0.9956 |      0.9956 |         nan
    6 |        0.8942 |      0.8942 |         nan |        0.0404 |      0.0094 |     -0.8850 |        0.0292 |      0.0073 |     -0.4813 |        0.0340 |      0.0049 |      0.0447 |        0.0994 |      0.0203 |     -2.7119 |        0.1013 |      0.0281 |     -4.1727 |        0.1066 |      0.0269 |     -4.0558 |        1.0072 |      1.0072 |         nan
    7 |        0.8547 |      0.8547 |         nan |        0.0338 |      0.0071 |     -0.4261 |        0.0281 |      0.0060 |     -0.1963 |        0.0270 |      0.0057 |     -0.1352 |        0.0763 |      0.0150 |     -1.7805 |        0.0787 |      0.0184 |     -2.4987 |        0.0847 |      0.0181 |     -2.4224 |        0.9647 |      0.9647 |         nan
    8 |        0.8271 |      0.8271 |         nan |        0.0291 |      0.0078 |     -0.5784 |        0.0225 |      0.0061 |     -0.2038 |        0.0323 |      0.0053 |     -0.0602 |        0.0646 |      0.0117 |     -1.1954 |        0.0616 |      0.0100 |     -0.9455 |        0.0642 |      0.0120 |     -1.2348 |        0.9390 |      0.9390 |         nan
    9 |        0.8246 |      0.8246 |         nan |        0.0241 |      0.0061 |     -0.2271 |        0.0219 |      0.0063 |     -0.2299 |        0.0238 |      0.0051 |      0.0071 |        0.0503 |      0.0074 |     -0.4419 |        0.0508 |      0.0062 |     -0.2255 |        0.0544 |      0.0088 |     -0.7369 |        0.9076 |      0.9076 |         nan
   10 |        0.8142 |      0.8142 |         nan |        0.0213 |      0.0067 |     -0.3526 |        0.0179 |      0.0058 |     -0.1490 |        0.0212 |      0.0052 |     -0.0177 |        0.0413 |      0.0058 |     -0.1671 |        0.0422 |      0.0049 |      0.0172 |        0.0464 |      0.0067 |     -0.3152 |        0.8886 |      0.8886 |         nan
   11 |        0.7917 |      0.7917 |         nan |        0.0191 |      0.0068 |     -0.3742 |        0.0185 |      0.0055 |     -0.0884 |        0.0195 |      0.0046 |      0.0971 |        0.0362 |      0.0046 |      0.0875 |        0.0361 |      0.0055 |     -0.0781 |        0.0403 |      0.0068 |     -0.3425 |        0.8934 |      0.8934 |         nan
   12 |        0.7699 |      0.7699 |         nan |        0.0187 |      0.0062 |     -0.2578 |        0.0156 |      0.0062 |     -0.2110 |        0.0165 |      0.0051 |      0.0080 |        0.0325 |      0.0048 |      0.0458 |        0.0306 |      0.0048 |      0.0205 |        0.0331 |      0.0056 |     -0.1121 |        0.9044 |      0.9044 |         nan
   13 |        0.7565 |      0.7565 |         nan |        0.0171 |      0.0058 |     -0.1619 |        0.0142 |      0.0066 |     -0.3159 |        0.0143 |      0.0048 |      0.0487 |        0.0260 |      0.0046 |      0.0745 |        0.0280 |      0.0041 |      0.1766 |        0.0294 |      0.0047 |      0.0616 |        0.9380 |      0.9380 |         nan
   14 |        0.7531 |      0.7531 |         nan |        0.0149 |      0.0055 |     -0.1134 |        0.0148 |      0.0057 |     -0.1224 |        0.0135 |      0.0047 |      0.0786 |        0.0237 |      0.0055 |     -0.0996 |        0.0250 |      0.0039 |      0.2112 |        0.0260 |      0.0043 |      0.1427 |        0.8709 |      0.8709 |         nan
   15 |        0.7442 |      0.7442 |         nan |        0.0131 |      0.0060 |     -0.2035 |        0.0140 |      0.0054 |     -0.0371 |        0.0140 |      0.0042 |      0.1654 |        0.0230 |      0.0049 |      0.0105 |        0.0226 |      0.0049 |      0.0195 |        0.0249 |      0.0045 |      0.1033 |        0.8584 |      0.8584 |         nan
   16 |        0.7271 |      0.7271 |         nan |        0.0128 |      0.0055 |     -0.0919 |        0.0116 |      0.0057 |     -0.1345 |        0.0146 |      0.0045 |      0.1260 |        0.0197 |      0.0041 |      0.1723 |        0.0195 |      0.0040 |      0.2053 |        0.0216 |      0.0041 |      0.1917 |        0.8540 |      0.8540 |         nan
   17 |        0.7229 |      0.7229 |         nan |        0.0119 |      0.0057 |     -0.1402 |        0.0107 |      0.0047 |      0.0814 |        0.0124 |      0.0043 |      0.1486 |        0.0170 |      0.0041 |      0.1802 |        0.0169 |      0.0037 |      0.2696 |        0.0200 |      0.0041 |      0.1812 |        0.8512 |      0.8512 |         nan
   18 |        0.7280 |      0.7280 |         nan |        0.0110 |      0.0052 |     -0.0261 |        0.0115 |      0.0048 |      0.0492 |        0.0109 |      0.0047 |      0.0691 |        0.0165 |      0.0041 |      0.1743 |        0.0164 |      0.0038 |      0.2408 |        0.0173 |      0.0039 |      0.2099 |        0.8910 |      0.8910 |         nan
   19 |        0.7200 |      0.7200 |         nan |        0.0126 |      0.0054 |     -0.0859 |        0.0097 |      0.0048 |      0.0711 |        0.0102 |      0.0042 |      0.1795 |        0.0155 |      0.0045 |      0.1152 |        0.0149 |      0.0041 |      0.1821 |        0.0162 |      0.0044 |      0.1115 |        0.8500 |      0.8500 |         nan
   20 |        0.7038 |      0.7038 |         nan |        0.0092 |      0.0055 |     -0.1208 |        0.0098 |      0.0047 |      0.0732 |        0.0103 |      0.0045 |      0.1181 |        0.0144 |      0.0040 |      0.2020 |        0.0141 |      0.0039 |      0.2216 |        0.0152 |      0.0038 |      0.2424 |        0.8598 |      0.8598 |         nan
   21 |        0.7137 |      0.7137 |         nan |        0.0090 |      0.0049 |      0.0246 |        0.0095 |      0.0049 |      0.0322 |        0.0100 |      0.0044 |      0.1404 |        0.0126 |      0.0038 |      0.2367 |        0.0126 |      0.0037 |      0.2691 |        0.0149 |      0.0038 |      0.2331 |        0.8669 |      0.8669 |         nan
   22 |        0.7101 |      0.7101 |         nan |        0.0086 |      0.0050 |     -0.0014 |        0.0096 |      0.0046 |      0.0833 |        0.0093 |      0.0043 |      0.1509 |        0.0118 |      0.0038 |      0.2286 |        0.0121 |      0.0036 |      0.2825 |        0.0129 |      0.0040 |      0.2019 |        0.8534 |      0.8534 |         nan
   23 |        0.6978 |      0.6978 |         nan |        0.0082 |      0.0050 |     -0.0030 |        0.0093 |      0.0045 |      0.1003 |        0.0083 |      0.0041 |      0.1960 |        0.0109 |      0.0042 |      0.1620 |        0.0115 |      0.0036 |      0.2726 |        0.0124 |      0.0037 |      0.2755 |        0.8479 |      0.8479 |         nan
   24 |        0.6902 |      0.6902 |         nan |        0.0069 |      0.0045 |      0.0987 |        0.0083 |      0.0042 |      0.1507 |        0.0077 |      0.0040 |      0.1999 |        0.0113 |      0.0041 |      0.1957 |        0.0116 |      0.0036 |      0.2865 |        0.0119 |      0.0036 |      0.2767 |        0.8732 |      0.8732 |         nan
   25 |        0.6796 |      0.6796 |         nan |        0.0079 |      0.0048 |      0.0311 |        0.0078 |      0.0040 |      0.1999 |        0.0078 |      0.0041 |      0.2125 |        0.0104 |      0.0038 |      0.2439 |        0.0112 |      0.0038 |      0.2556 |        0.0112 |      0.0036 |      0.2735 |        0.8506 |      0.8506 |         nan
   26 |        0.6766 |      0.6766 |         nan |        0.0070 |      0.0042 |      0.1592 |        0.0075 |      0.0040 |      0.1919 |        0.0079 |      0.0040 |      0.2101 |        0.0101 |      0.0039 |      0.2220 |        0.0103 |      0.0039 |      0.2256 |        0.0102 |      0.0036 |      0.2711 |        0.8518 |      0.8518 |         nan
   27 |        0.6910 |      0.6910 |         nan |        0.0075 |      0.0044 |      0.1216 |        0.0071 |      0.0042 |      0.1565 |        0.0077 |      0.0040 |      0.2235 |        0.0094 |      0.0045 |      0.1257 |        0.0103 |      0.0037 |      0.2791 |        0.0099 |      0.0038 |      0.2343 |        0.8497 |      0.8497 |         nan
   28 |        0.6795 |      0.6795 |         nan |        0.0068 |      0.0041 |      0.1843 |        0.0073 |      0.0039 |      0.2424 |        0.0074 |      0.0039 |      0.2428 |        0.0095 |      0.0041 |      0.1797 |        0.0093 |      0.0038 |      0.2365 |        0.0094 |      0.0035 |      0.2999 |        0.8443 |      0.8443 |         nan
   29 |        0.6819 |      0.6819 |         nan |        0.0061 |      0.0043 |      0.1409 |        0.0073 |      0.0039 |      0.2397 |        0.0077 |      0.0040 |      0.2004 |        0.0088 |      0.0040 |      0.2074 |        0.0088 |      0.0038 |      0.2621 |        0.0099 |      0.0040 |      0.1960 |        0.8601 |      0.8601 |         nan
   30 |        0.6822 |      0.6822 |         nan |        0.0060 |      0.0042 |      0.1654 |        0.0074 |      0.0039 |      0.2219 |        0.0076 |      0.0039 |      0.2216 |        0.0082 |      0.0039 |      0.2250 |        0.0092 |      0.0037 |      0.2597 |        0.0092 |      0.0037 |      0.2614 |        0.8405 |      0.8405 |         nan
   31 |        0.6702 |      0.6702 |         nan |        0.0063 |      0.0044 |      0.1151 |        0.0067 |      0.0040 |      0.2295 |        0.0072 |      0.0038 |      0.2390 |        0.0085 |      0.0038 |      0.2327 |        0.0085 |      0.0035 |      0.3067 |        0.0091 |      0.0036 |      0.2847 |        0.8823 |      0.8823 |         nan
   32 |        0.7803 |      0.7803 |         nan |        0.0058 |      0.0044 |      0.1147 |        0.0076 |      0.0040 |      0.2064 |        0.0066 |      0.0039 |      0.2337 |        0.0084 |      0.0039 |      0.2132 |        0.0087 |      0.0037 |      0.2796 |        0.0088 |      0.0038 |      0.2475 |        0.8677 |      0.8677 |         nan
   33 |        0.6578 |      0.6578 |         nan |        0.0057 |      0.0041 |      0.1967 |        0.0067 |      0.0036 |      0.2921 |        0.0065 |      0.0039 |      0.2368 |        0.0078 |      0.0038 |      0.2514 |        0.0083 |      0.0037 |      0.2700 |        0.0080 |      0.0037 |      0.2767 |        0.8759 |      0.8759 |         nan
   34 |        0.6811 |      0.6811 |         nan |        0.0055 |      0.0043 |      0.1468 |        0.0069 |      0.0039 |      0.2261 |        0.0060 |      0.0039 |      0.2189 |        0.0079 |      0.0039 |      0.2246 |        0.0079 |      0.0036 |      0.2986 |        0.0084 |      0.0038 |      0.2587 |        0.8505 |      0.8505 |         nan
   35 |        0.6557 |      0.6557 |         nan |        0.0056 |      0.0040 |      0.1948 |        0.0059 |      0.0037 |      0.2795 |        0.0065 |      0.0036 |      0.2862 |        0.0074 |      0.0038 |      0.2524 |        0.0076 |      0.0038 |      0.2746 |        0.0079 |      0.0035 |      0.2969 |        0.8419 |      0.8419 |         nan
   36 |        0.6580 |      0.6580 |         nan |        0.0061 |      0.0040 |      0.2025 |        0.0060 |      0.0037 |      0.2596 |        0.0061 |      0.0037 |      0.2788 |        0.0072 |      0.0039 |      0.2245 |        0.0077 |      0.0035 |      0.3074 |        0.0076 |      0.0036 |      0.2784 |        0.8489 |      0.8489 |         nan
   37 |        0.6570 |      0.6570 |         nan |        0.0052 |      0.0038 |      0.2530 |        0.0057 |      0.0037 |      0.2670 |        0.0059 |      0.0037 |      0.2554 |        0.0072 |      0.0039 |      0.2303 |        0.0072 |      0.0037 |      0.2574 |        0.0074 |      0.0037 |      0.2689 |        0.8649 |      0.8649 |         nan
   38 |        0.6314 |      0.6314 |         nan |        0.0057 |      0.0040 |      0.2043 |        0.0056 |      0.0039 |      0.2370 |        0.0063 |      0.0037 |      0.2906 |        0.0069 |      0.0042 |      0.1801 |        0.0074 |      0.0038 |      0.2506 |        0.0073 |      0.0036 |      0.2798 |        0.8293 |      0.8293 |         nan
   39 |        0.6426 |      0.6426 |         nan |        0.0058 |      0.0039 |      0.2295 |        0.0060 |      0.0037 |      0.2815 |        0.0059 |      0.0036 |      0.2818 |        0.0072 |      0.0038 |      0.2461 |        0.0068 |      0.0037 |      0.2817 |        0.0070 |      0.0037 |      0.2683 |        0.9085 |      0.9085 |         nan
   40 |        0.6498 |      0.6498 |         nan |        0.0050 |      0.0039 |      0.2270 |        0.0056 |      0.0036 |      0.2846 |        0.0053 |      0.0036 |      0.2754 |        0.0066 |      0.0038 |      0.2428 |        0.0070 |      0.0038 |      0.2452 |        0.0072 |      0.0038 |      0.2539 |        0.8250 |      0.8250 |         nan
   41 |        0.6772 |      0.6772 |         nan |        0.0049 |      0.0039 |      0.2283 |        0.0055 |      0.0038 |      0.2744 |        0.0057 |      0.0038 |      0.2503 |        0.0065 |      0.0037 |      0.2686 |        0.0072 |      0.0035 |      0.3091 |        0.0070 |      0.0037 |      0.2730 |        0.8337 |      0.8337 |         nan
   42 |        0.6331 |      0.6331 |         nan |        0.0050 |      0.0039 |      0.2253 |        0.0053 |      0.0036 |      0.2863 |        0.0056 |      0.0035 |      0.3176 |        0.0064 |      0.0041 |      0.2037 |        0.0065 |      0.0036 |      0.3062 |        0.0070 |      0.0035 |      0.3026 |        0.8597 |      0.8597 |         nan
   43 |        0.6419 |      0.6419 |         nan |        0.0050 |      0.0037 |      0.2710 |        0.0059 |      0.0036 |      0.2932 |        0.0056 |      0.0036 |      0.2944 |        0.0063 |      0.0038 |      0.2442 |        0.0067 |      0.0037 |      0.2998 |        0.0065 |      0.0037 |      0.2646 |        0.8230 |      0.8230 |         nan
   44 |        0.6179 |      0.6179 |         nan |        0.0048 |      0.0037 |      0.2747 |        0.0057 |      0.0035 |      0.3121 |        0.0055 |      0.0036 |      0.3017 |        0.0062 |      0.0037 |      0.2577 |        0.0065 |      0.0037 |      0.2570 |        0.0064 |      0.0038 |      0.2485 |        0.8636 |      0.8636 |         nan
   45 |        0.6152 |      0.6152 |         nan |        0.0044 |      0.0039 |      0.2168 |        0.0051 |      0.0036 |      0.2853 |        0.0059 |      0.0036 |      0.2984 |        0.0061 |      0.0039 |      0.2395 |        0.0063 |      0.0037 |      0.2823 |        0.0063 |      0.0035 |      0.3056 |        0.8178 |      0.8178 |         nan
   46 |        0.6246 |      0.6246 |         nan |        0.0049 |      0.0039 |      0.2358 |        0.0052 |      0.0036 |      0.2811 |        0.0054 |      0.0036 |      0.2835 |        0.0060 |      0.0041 |      0.1972 |        0.0062 |      0.0036 |      0.3045 |        0.0063 |      0.0036 |      0.2915 |        0.8277 |      0.8277 |         nan
   47 |        0.6081 |      0.6081 |         nan |        0.0045 |      0.0037 |      0.2672 |        0.0065 |      0.0036 |      0.2963 |        0.0058 |      0.0037 |      0.2767 |        0.0064 |      0.0038 |      0.2429 |        0.0060 |      0.0037 |      0.3030 |        0.0063 |      0.0039 |      0.2277 |        0.9207 |      0.9207 |         nan
   48 |        0.6225 |      0.6225 |         nan |        0.0045 |      0.0037 |      0.2922 |        0.0052 |      0.0037 |      0.2960 |        0.0052 |      0.0035 |      0.3087 |        0.0057 |      0.0036 |      0.2914 |        0.0061 |      0.0035 |      0.3139 |        0.0061 |      0.0038 |      0.2349 |        0.8302 |      0.8302 |         nan
   49 |        0.6329 |      0.6329 |         nan |        0.0045 |      0.0037 |      0.2749 |        0.0047 |      0.0037 |      0.2988 |        0.0052 |      0.0036 |      0.2909 |        0.0055 |      0.0043 |      0.1575 |        0.0058 |      0.0037 |      0.2931 |        0.0060 |      0.0043 |      0.1662 |        0.8553 |      0.8553 |         nan
   50 |        0.6281 |      0.6281 |         nan |        0.0042 |      0.0037 |      0.2856 |        0.0048 |      0.0037 |      0.2739 |        0.0052 |      0.0036 |      0.3074 |        0.0058 |      0.0040 |      0.2239 |        0.0058 |      0.0036 |      0.2901 |        0.0061 |      0.0036 |      0.2877 |        0.8202 |      0.8202 |         nan

====================================================================================================================================================================================================================================================================================================================================================================================================================================================================
Best ENCODER Model (by Loss) - Epoch: 47, Val Loss: 0.6081
Best MLP Model (by Loss) - Epoch: 48, Val Loss: 0.0037, Val R2: 0.2922
Best MLP Model (by R2) - Epoch: 48, Val R2: 0.2922 (same as best loss epoch)
Best MLP_EMBEDDING Model (by Loss) - Epoch: 44, Val Loss: 0.0035, Val R2: 0.3121
Best MLP_EMBEDDING Model (by R2) - Epoch: 44, Val R2: 0.3121 (same as best loss epoch)
Best MLP_VAE_EMBEDDING Model (by Loss) - Epoch: 42, Val Loss: 0.0035, Val R2: 0.3176
Best MLP_VAE_EMBEDDING Model (by R2) - Epoch: 42, Val R2: 0.3176 (same as best loss epoch)
Best TABM Model (by Loss) - Epoch: 48, Val Loss: 0.0036, Val R2: 0.2914
Best TABM Model (by R2) - Epoch: 48, Val R2: 0.2914 (same as best loss epoch)
Best TABM_EMBEDDING Model (by Loss) - Epoch: 31, Val Loss: 0.0035, Val R2: 0.3139
Best TABM_EMBEDDING Model (by R2) - Epoch: 48, Val Loss: 0.0035, Val R2: 0.3139
Best TABM_VAE_EMBEDDING Model (by Loss) - Epoch: 45, Val Loss: 0.0035, Val R2: 0.3056
Best TABM_VAE_EMBEDDING Model (by R2) - Epoch: 45, Val R2: 0.3056 (same as best loss epoch)
Best VAE_ENCODER Model (by Loss) - Epoch: 45, Val Loss: 0.8178
