Epoch | ENCODER Train | ENCODER Val | ENCODER R2 | MLP Train | MLP Val | MLP R2 | MLP_EMBEDDING Train | MLP_EMBEDDING Val | MLP_EMBEDDING R2 | MLP_VAE_EMBEDDING Train | MLP_VAE_EMBEDDING Val | MLP_VAE_EMBEDDING R2 | TABM Train | TABM Val | TABM R2 | TABM_EMBEDDING Train | TABM_EMBEDDING Val | TABM_EMBEDDING R2 | TABM_VAE_EMBEDDING Train | TABM_VAE_EMBEDDING Val | TABM_VAE_EMBEDDING R2 | VAE_ENCODER Train | VAE_ENCODER Val | VAE_ENCODER R2
--------------------------------------------------------------------------------------------------------------------------------------------------------------------------------------------------------------------------------------------------------------------------------------------------------------------------------------------------------------------------------------------------------------------------------------------------------------------
    1 |        1.0178 |      1.0178 |         nan |        0.2409 |      0.0551 |     -4.1316 |        0.2864 |      0.1014 |     -8.1139 |        0.2169 |      0.0406 |     -2.7560 |        0.5502 |      0.1483 |    -12.0428 |        0.6244 |      0.2183 |    -17.6662 |        0.4976 |      0.2117 |    -16.7745 |        1.0252 |      1.0252 |         nan
    2 |        1.0149 |      1.0149 |         nan |        0.1229 |      0.0458 |     -3.4849 |        0.1079 |      0.0236 |     -1.2659 |        0.1070 |      0.0177 |     -0.7303 |        0.3808 |      0.1506 |    -12.3176 |        0.4222 |      0.2216 |    -18.3181 |        0.3337 |      0.1437 |    -11.5020 |        1.0133 |      1.0133 |         nan
    3 |        0.9964 |      0.9964 |         nan |        0.0912 |      0.0174 |     -0.7008 |        0.0819 |      0.0196 |     -0.8785 |        0.0891 |      0.0151 |     -0.4641 |        0.2707 |      0.1100 |     -8.7874 |        0.3273 |      0.1672 |    -13.7199 |        0.2537 |      0.1285 |    -10.2240 |        1.0128 |      1.0128 |         nan
    4 |        0.9888 |      0.9888 |         nan |        0.0717 |      0.0149 |     -0.4564 |        0.0832 |      0.0172 |     -0.6250 |        0.0696 |      0.0137 |     -0.3090 |        0.2163 |      0.0895 |     -7.0296 |        0.2643 |      0.1389 |    -11.2029 |        0.1902 |      0.0833 |     -6.4341 |        1.0472 |      1.0472 |         nan
    5 |        0.9167 |      0.9167 |         nan |        0.0613 |      0.0191 |     -0.8614 |        0.0593 |      0.0126 |     -0.2221 |        0.0549 |      0.0096 |      0.0719 |        0.1722 |      0.0625 |     -4.5295 |        0.2068 |      0.0882 |     -6.7280 |        0.1584 |      0.0647 |     -4.8346 |        1.0536 |      1.0536 |         nan
    6 |        0.8942 |      0.8942 |         nan |        0.0514 |      0.0117 |     -0.1158 |        0.0482 |      0.0090 |      0.1357 |        0.0464 |      0.0101 |      0.0045 |        0.1358 |      0.0448 |     -3.0382 |        0.1630 |      0.0626 |     -4.5508 |        0.1208 |      0.0440 |     -3.0039 |        0.9655 |      0.9655 |         nan
    7 |        0.8547 |      0.8547 |         nan |        0.0459 |      0.0147 |     -0.4305 |        0.0476 |      0.0123 |     -0.2047 |        0.0425 |      0.0091 |      0.1082 |        0.1071 |      0.0260 |     -1.4249 |        0.1292 |      0.0403 |     -2.6246 |        0.0902 |      0.0286 |     -1.6022 |        0.9523 |      0.9523 |         nan
    8 |        0.8271 |      0.8271 |         nan |        0.0443 |      0.0138 |     -0.3541 |        0.0382 |      0.0115 |     -0.1272 |        0.0356 |      0.0106 |     -0.0112 |        0.0907 |      0.0182 |     -0.6740 |        0.1036 |      0.0187 |     -0.7683 |        0.0746 |      0.0199 |     -0.8837 |        0.9294 |      0.9294 |         nan
    9 |        0.8246 |      0.8246 |         nan |        0.0347 |      0.0128 |     -0.2577 |        0.0397 |      0.0090 |      0.1231 |        0.0332 |      0.0109 |     -0.0349 |        0.0710 |      0.0142 |     -0.3610 |        0.0828 |      0.0140 |     -0.3416 |        0.0588 |      0.0126 |     -0.2115 |        0.9130 |      0.9130 |         nan
   10 |        0.8142 |      0.8142 |         nan |        0.0308 |      0.0134 |     -0.3271 |        0.0327 |      0.0103 |      0.0030 |        0.0289 |      0.0089 |      0.1594 |        0.0606 |      0.0134 |     -0.3265 |        0.0711 |      0.0109 |     -0.0721 |        0.0495 |      0.0100 |      0.0120 |        0.8940 |      0.8940 |         nan
   11 |        0.7917 |      0.7917 |         nan |        0.0271 |      0.0123 |     -0.2073 |        0.0278 |      0.0090 |      0.1299 |        0.0249 |      0.0091 |      0.1047 |        0.0530 |      0.0098 |      0.0343 |        0.0599 |      0.0095 |      0.0629 |        0.0447 |      0.0103 |     -0.0099 |        0.8919 |      0.8919 |         nan
   12 |        0.7699 |      0.7699 |         nan |        0.0254 |      0.0115 |     -0.1251 |        0.0283 |      0.0097 |      0.0495 |        0.0237 |      0.0090 |      0.1131 |        0.0457 |      0.0102 |     -0.0114 |        0.0548 |      0.0088 |      0.1337 |        0.0388 |      0.0082 |      0.1988 |        0.8992 |      0.8992 |         nan
   13 |        0.7565 |      0.7565 |         nan |        0.0232 |      0.0109 |     -0.0700 |        0.0244 |      0.0088 |      0.1410 |        0.0217 |      0.0095 |      0.0638 |        0.0410 |      0.0098 |      0.0283 |        0.0473 |      0.0094 |      0.0791 |        0.0380 |      0.0099 |      0.0253 |        0.8795 |      0.8795 |         nan
   14 |        0.7531 |      0.7531 |         nan |        0.0223 |      0.0105 |     -0.0312 |        0.0232 |      0.0090 |      0.1430 |        0.0206 |      0.0094 |      0.0731 |        0.0346 |      0.0085 |      0.1584 |        0.0436 |      0.0084 |      0.1744 |        0.0321 |      0.0097 |      0.0437 |        0.8776 |      0.8776 |         nan
   15 |        0.7442 |      0.7442 |         nan |        0.0196 |      0.0097 |      0.0380 |        0.0230 |      0.0089 |      0.1357 |        0.0201 |      0.0092 |      0.0984 |        0.0324 |      0.0088 |      0.1406 |        0.0404 |      0.0079 |      0.2286 |        0.0311 |      0.0092 |      0.0936 |        0.8856 |      0.8856 |         nan
   16 |        0.7271 |      0.7271 |         nan |        0.0169 |      0.0110 |     -0.0876 |        0.0208 |      0.0088 |      0.1482 |        0.0187 |      0.0083 |      0.1864 |        0.0293 |      0.0085 |      0.1720 |        0.0387 |      0.0085 |      0.1656 |        0.0256 |      0.0084 |      0.1731 |        0.9282 |      0.9282 |         nan
   17 |        0.7229 |      0.7229 |         nan |        0.0176 |      0.0095 |      0.0657 |        0.0208 |      0.0083 |      0.2163 |        0.0197 |      0.0088 |      0.1420 |        0.0275 |      0.0097 |      0.0430 |        0.0354 |      0.0076 |      0.2630 |        0.0243 |      0.0083 |      0.1853 |        0.9045 |      0.9045 |         nan
   18 |        0.7280 |      0.7280 |         nan |        0.0175 |      0.0105 |     -0.0321 |        0.0215 |      0.0080 |      0.2288 |        0.0168 |      0.0086 |      0.1501 |        0.0269 |      0.0088 |      0.1433 |        0.0325 |      0.0079 |      0.2222 |        0.0231 |      0.0078 |      0.2379 |        0.8792 |      0.8792 |         nan
   19 |        0.7200 |      0.7200 |         nan |        0.0165 |      0.0094 |      0.0885 |        0.0180 |      0.0083 |      0.1954 |        0.0151 |      0.0083 |      0.1886 |        0.0244 |      0.0081 |      0.2093 |        0.0304 |      0.0096 |      0.0736 |        0.0223 |      0.0081 |      0.2095 |        0.8958 |      0.8958 |         nan
   20 |        0.7038 |      0.7038 |         nan |        0.0170 |      0.0093 |      0.0911 |        0.0186 |      0.0082 |      0.2038 |        0.0170 |      0.0082 |      0.1970 |        0.0231 |      0.0097 |      0.0622 |        0.0290 |      0.0076 |      0.2550 |        0.0209 |      0.0079 |      0.2210 |        0.9079 |      0.9079 |         nan
   21 |        0.7137 |      0.7137 |         nan |        0.0163 |      0.0092 |      0.0986 |        0.0172 |      0.0081 |      0.2225 |        0.0148 |      0.0084 |      0.1695 |        0.0214 |      0.0083 |      0.1877 |        0.0268 |      0.0077 |      0.2520 |        0.0201 |      0.0078 |      0.2393 |        0.8788 |      0.8788 |         nan
   22 |        0.7101 |      0.7101 |         nan |        0.0152 |      0.0093 |      0.0854 |        0.0168 |      0.0081 |      0.2138 |        0.0138 |      0.0080 |      0.2178 |        0.0209 |      0.0083 |      0.1931 |        0.0270 |      0.0080 |      0.2168 |        0.0198 |      0.0076 |      0.2654 |        0.8824 |      0.8824 |         nan
   23 |        0.6978 |      0.6978 |         nan |        0.0147 |      0.0096 |      0.0539 |        0.0169 |      0.0079 |      0.2301 |        0.0133 |      0.0081 |      0.2220 |        0.0197 |      0.0081 |      0.2159 |        0.0239 |      0.0075 |      0.2693 |        0.0177 |      0.0079 |      0.2267 |        0.9037 |      0.9037 |         nan
   24 |        0.6902 |      0.6902 |         nan |        0.0144 |      0.0095 |      0.0683 |        0.0146 |      0.0079 |      0.2338 |        0.0132 |      0.0081 |      0.1995 |        0.0202 |      0.0081 |      0.2081 |        0.0236 |      0.0073 |      0.2833 |        0.0170 |      0.0077 |      0.2501 |        0.9627 |      0.9627 |         nan
   25 |        0.6796 |      0.6796 |         nan |        0.0133 |      0.0090 |      0.1125 |        0.0162 |      0.0082 |      0.2023 |        0.0131 |      0.0084 |      0.1747 |        0.0194 |      0.0084 |      0.1876 |        0.0235 |      0.0076 |      0.2591 |        0.0170 |      0.0082 |      0.2048 |        0.8735 |      0.8735 |         nan
   26 |        0.6766 |      0.6766 |         nan |        0.0137 |      0.0086 |      0.1638 |        0.0152 |      0.0080 |      0.2530 |        0.0127 |      0.0084 |      0.1699 |        0.0177 |      0.0103 |      0.0036 |        0.0222 |      0.0084 |      0.1859 |        0.0156 |      0.0075 |      0.2660 |        0.8636 |      0.8636 |         nan
   27 |        0.6910 |      0.6910 |         nan |        0.0126 |      0.0087 |      0.1523 |        0.0145 |      0.0078 |      0.2729 |        0.0122 |      0.0079 |      0.2397 |        0.0173 |      0.0087 |      0.1601 |        0.0216 |      0.0081 |      0.2138 |        0.0162 |      0.0077 |      0.2519 |        0.8683 |      0.8683 |         nan
   28 |        0.6795 |      0.6795 |         nan |        0.0113 |      0.0086 |      0.1554 |        0.0140 |      0.0079 |      0.2482 |        0.0118 |      0.0079 |      0.2255 |        0.0174 |      0.0081 |      0.2234 |        0.0205 |      0.0078 |      0.2353 |        0.0159 |      0.0076 |      0.2680 |        0.8614 |      0.8614 |         nan
   29 |        0.6819 |      0.6819 |         nan |        0.0125 |      0.0084 |      0.1745 |        0.0127 |      0.0076 |      0.2637 |        0.0111 |      0.0079 |      0.2339 |        0.0165 |      0.0079 |      0.2364 |        0.0206 |      0.0078 |      0.2436 |        0.0154 |      0.0075 |      0.2705 |        0.8757 |      0.8757 |         nan
   30 |        0.6822 |      0.6822 |         nan |        0.0124 |      0.0086 |      0.1572 |        0.0153 |      0.0077 |      0.2670 |        0.0122 |      0.0081 |      0.2177 |        0.0167 |      0.0080 |      0.2309 |        0.0191 |      0.0077 |      0.2500 |        0.0148 |      0.0075 |      0.2724 |        0.8612 |      0.8612 |         nan
   31 |        0.6702 |      0.6702 |         nan |        0.0116 |      0.0087 |      0.1491 |        0.0150 |      0.0074 |      0.2853 |        0.0120 |      0.0082 |      0.2089 |        0.0161 |      0.0084 |      0.1980 |        0.0183 |      0.0077 |      0.2545 |        0.0145 |      0.0077 |      0.2497 |        0.8872 |      0.8872 |         nan
   32 |        0.7803 |      0.7803 |         nan |        0.0115 |      0.0085 |      0.1817 |        0.0128 |      0.0077 |      0.2793 |        0.0109 |      0.0076 |      0.2569 |        0.0158 |      0.0079 |      0.2310 |        0.0177 |      0.0076 |      0.2671 |        0.0150 |      0.0075 |      0.2847 |        0.8688 |      0.8688 |         nan
   33 |        0.6578 |      0.6578 |         nan |        0.0124 |      0.0084 |      0.1794 |        0.0136 |      0.0076 |      0.2813 |        0.0109 |      0.0078 |      0.2350 |        0.0149 |      0.0078 |      0.2530 |        0.0185 |      0.0077 |      0.2466 |        0.0138 |      0.0076 |      0.2607 |        0.8709 |      0.8709 |         nan
   34 |        0.6811 |      0.6811 |         nan |        0.0107 |      0.0080 |      0.2125 |        0.0138 |      0.0076 |      0.2741 |        0.0114 |      0.0081 |      0.2040 |        0.0150 |      0.0079 |      0.2316 |        0.0176 |      0.0076 |      0.2560 |        0.0134 |      0.0075 |      0.2740 |        0.8506 |      0.8506 |         nan
   35 |        0.6557 |      0.6557 |         nan |        0.0105 |      0.0085 |      0.1591 |        0.0132 |      0.0079 |      0.2526 |        0.0114 |      0.0078 |      0.2487 |        0.0141 |      0.0083 |      0.1987 |        0.0175 |      0.0079 |      0.2398 |        0.0135 |      0.0076 |      0.2883 |        0.8700 |      0.8700 |         nan
   36 |        0.6580 |      0.6580 |         nan |        0.0114 |      0.0079 |      0.2299 |        0.0121 |      0.0078 |      0.2472 |        0.0107 |      0.0076 |      0.2616 |        0.0147 |      0.0077 |      0.2551 |        0.0169 |      0.0075 |      0.2740 |        0.0130 |      0.0075 |      0.2794 |        0.8577 |      0.8577 |         nan
   37 |        0.6570 |      0.6570 |         nan |        0.0110 |      0.0089 |      0.1263 |        0.0111 |      0.0077 |      0.2771 |        0.0102 |      0.0079 |      0.2362 |        0.0136 |      0.0085 |      0.1870 |        0.0165 |      0.0074 |      0.2915 |        0.0133 |      0.0076 |      0.2759 |        0.8982 |      0.8982 |         nan
   38 |        0.6314 |      0.6314 |         nan |        0.0095 |      0.0076 |      0.2594 |        0.0115 |      0.0076 |      0.2744 |        0.0101 |      0.0078 |      0.2412 |        0.0130 |      0.0078 |      0.2418 |        0.0158 |      0.0074 |      0.2813 |        0.0129 |      0.0076 |      0.2679 |        0.8637 |      0.8637 |         nan
   39 |        0.6426 |      0.6426 |         nan |        0.0106 |      0.0081 |      0.2379 |        0.0114 |      0.0075 |      0.2828 |        0.0114 |      0.0079 |      0.2244 |        0.0133 |      0.0089 |      0.1475 |        0.0158 |      0.0078 |      0.2557 |        0.0127 |      0.0074 |      0.2913 |        0.8455 |      0.8455 |         nan
   40 |        0.6498 |      0.6498 |         nan |        0.0108 |      0.0081 |      0.2163 |        0.0112 |      0.0077 |      0.2689 |        0.0101 |      0.0075 |      0.2666 |        0.0132 |      0.0077 |      0.2535 |        0.0157 |      0.0072 |      0.3015 |        0.0122 |      0.0079 |      0.2386 |        0.8474 |      0.8474 |         nan
   41 |        0.6772 |      0.6772 |         nan |        0.0097 |      0.0077 |      0.2567 |        0.0114 |      0.0078 |      0.2533 |        0.0093 |      0.0079 |      0.2228 |        0.0129 |      0.0079 |      0.2382 |        0.0145 |      0.0076 |      0.2789 |        0.0123 |      0.0075 |      0.2835 |        0.8992 |      0.8992 |         nan
   42 |        0.6331 |      0.6331 |         nan |        0.0095 |      0.0077 |      0.2594 |        0.0119 |      0.0075 |      0.2879 |        0.0099 |      0.0075 |      0.2734 |        0.0129 |      0.0077 |      0.2560 |        0.0150 |      0.0079 |      0.2385 |        0.0122 |      0.0078 |      0.2438 |        0.8653 |      0.8653 |         nan
   43 |        0.6419 |      0.6419 |         nan |        0.0101 |      0.0077 |      0.2403 |        0.0115 |      0.0074 |      0.2976 |        0.0110 |      0.0074 |      0.2842 |        0.0127 |      0.0080 |      0.2294 |        0.0145 |      0.0073 |      0.2947 |        0.0124 |      0.0075 |      0.2817 |        0.8391 |      0.8391 |         nan
   44 |        0.6179 |      0.6179 |         nan |        0.0092 |      0.0078 |      0.2438 |        0.0109 |      0.0074 |      0.2966 |        0.0105 |      0.0079 |      0.2635 |        0.0126 |      0.0082 |      0.2100 |        0.0153 |      0.0073 |      0.2879 |        0.0119 |      0.0076 |      0.2606 |        0.8554 |      0.8554 |         nan
   45 |        0.6152 |      0.6152 |         nan |        0.0097 |      0.0080 |      0.2232 |        0.0107 |      0.0074 |      0.2955 |        0.0106 |      0.0076 |      0.2712 |        0.0129 |      0.0079 |      0.2418 |        0.0150 |      0.0075 |      0.2650 |        0.0121 |      0.0076 |      0.2767 |        0.8542 |      0.8542 |         nan
   46 |        0.6246 |      0.6246 |         nan |        0.0092 |      0.0077 |      0.2647 |        0.0113 |      0.0075 |      0.2812 |        0.0100 |      0.0077 |      0.2608 |        0.0126 |      0.0078 |      0.2495 |        0.0147 |      0.0079 |      0.2471 |        0.0116 |      0.0075 |      0.2779 |        0.8593 |      0.8593 |         nan
   47 |        0.6081 |      0.6081 |         nan |        0.0091 |      0.0077 |      0.2629 |        0.0122 |      0.0074 |      0.2986 |        0.0108 |      0.0076 |      0.2598 |        0.0124 |      0.0078 |      0.2529 |        0.0138 |      0.0073 |      0.2933 |        0.0118 |      0.0075 |      0.2710 |        0.8543 |      0.8543 |         nan
   48 |        0.6225 |      0.6225 |         nan |        0.0106 |      0.0077 |      0.2530 |        0.0106 |      0.0074 |      0.2974 |        0.0099 |      0.0078 |      0.2743 |        0.0120 |      0.0076 |      0.2620 |        0.0142 |      0.0081 |      0.2234 |        0.0114 |      0.0075 |      0.2787 |        0.8701 |      0.8701 |         nan
   49 |        0.6329 |      0.6329 |         nan |        0.0090 |      0.0075 |      0.2789 |        0.0104 |      0.0073 |      0.3089 |        0.0098 |      0.0077 |      0.2516 |        0.0116 |      0.0086 |      0.1790 |        0.0136 |      0.0075 |      0.2777 |        0.0107 |      0.0076 |      0.2737 |        0.8694 |      0.8694 |         nan
   50 |        0.6281 |      0.6281 |         nan |        0.0084 |      0.0075 |      0.2802 |        0.0103 |      0.0074 |      0.2978 |        0.0092 |      0.0076 |      0.2797 |        0.0117 |      0.0077 |      0.2563 |        0.0139 |      0.0074 |      0.2992 |        0.0109 |      0.0076 |      0.2734 |        0.8527 |      0.8527 |         nan
   51 |        0.6265 |      0.6265 |         nan |        0.0083 |      0.0075 |      0.2765 |        0.0101 |      0.0075 |      0.2999 |        0.0093 |      0.0076 |      0.2829 |        0.0115 |      0.0076 |      0.2715 |        0.0132 |      0.0075 |      0.2670 |        0.0109 |      0.0076 |      0.2759 |        0.8477 |      0.8477 |         nan
   52 |        0.6068 |      0.6068 |         nan |        0.0081 |      0.0074 |      0.2851 |        0.0103 |      0.0075 |      0.2915 |        0.0092 |      0.0075 |      0.2677 |        0.0115 |      0.0088 |      0.1584 |        0.0132 |      0.0074 |      0.2948 |        0.0104 |      0.0075 |      0.2764 |        0.8607 |      0.8607 |         nan
   53 |        0.6132 |      0.6132 |         nan |        0.0084 |      0.0074 |      0.2841 |        0.0094 |      0.0077 |      0.2835 |        0.0091 |      0.0076 |      0.2699 |        0.0117 |      0.0074 |      0.2773 |        0.0131 |      0.0074 |      0.2796 |        0.0101 |      0.0074 |      0.2893 |        0.8594 |      0.8594 |         nan
   54 |        0.6210 |      0.6210 |         nan |        0.0086 |      0.0076 |      0.2797 |        0.0099 |      0.0073 |      0.2952 |        0.0094 |      0.0077 |      0.2718 |        0.0108 |      0.0084 |      0.2048 |        0.0125 |      0.0073 |      0.2975 |        0.0101 |      0.0075 |      0.2815 |        0.8511 |      0.8511 |         nan
   55 |        0.6293 |      0.6293 |         nan |        0.0087 |      0.0076 |      0.2876 |        0.0100 |      0.0075 |      0.2929 |        0.0092 |      0.0075 |      0.2671 |        0.0109 |      0.0077 |      0.2599 |        0.0127 |      0.0074 |      0.2940 |        0.0100 |      0.0079 |      0.2559 |        0.8463 |      0.8463 |         nan
   56 |        0.6046 |      0.6046 |         nan |        0.0082 |      0.0076 |      0.2586 |        0.0097 |      0.0074 |      0.2945 |        0.0090 |      0.0076 |      0.2691 |        0.0109 |      0.0077 |      0.2680 |        0.0126 |      0.0073 |      0.3011 |        0.0108 |      0.0074 |      0.2928 |        0.8294 |      0.8294 |         nan
   57 |        0.6070 |      0.6070 |         nan |        0.0084 |      0.0079 |      0.2410 |        0.0107 |      0.0073 |      0.3153 |        0.0094 |      0.0077 |      0.2516 |        0.0106 |      0.0081 |      0.2279 |        0.0125 |      0.0077 |      0.2481 |        0.0103 |      0.0075 |      0.2854 |        0.8341 |      0.8341 |         nan
   58 |        0.7125 |      0.7125 |         nan |        0.0088 |      0.0076 |      0.2842 |        0.0101 |      0.0073 |      0.2905 |        0.0088 |      0.0078 |      0.2665 |        0.0107 |      0.0076 |      0.2711 |        0.0128 |      0.0079 |      0.2591 |        0.0106 |      0.0075 |      0.2727 |        0.8540 |      0.8540 |         nan
   59 |        0.6296 |      0.6296 |         nan |        0.0084 |      0.0073 |      0.3047 |        0.0100 |      0.0074 |      0.3043 |        0.0090 |      0.0074 |      0.2823 |        0.0109 |      0.0083 |      0.2178 |        0.0125 |      0.0075 |      0.2754 |        0.0101 |      0.0074 |      0.2900 |        0.8551 |      0.8551 |         nan
   60 |        0.6027 |      0.6027 |         nan |        0.0083 |      0.0077 |      0.2649 |        0.0097 |      0.0073 |      0.2966 |        0.0089 |      0.0075 |      0.2804 |        0.0105 |      0.0075 |      0.2730 |        0.0119 |      0.0073 |      0.3021 |        0.0108 |      0.0075 |      0.2846 |        0.8468 |      0.8468 |         nan
   61 |        0.5881 |      0.5881 |         nan |        0.0082 |      0.0075 |      0.2962 |        0.0096 |      0.0075 |      0.3018 |        0.0088 |      0.0077 |      0.2756 |        0.0103 |      0.0074 |      0.2783 |        0.0116 |      0.0077 |      0.2571 |        0.0104 |      0.0075 |      0.2781 |        0.8235 |      0.8235 |         nan
   62 |        0.5933 |      0.5933 |         nan |        0.0088 |      0.0072 |      0.3093 |        0.0091 |      0.0074 |      0.3058 |        0.0090 |      0.0077 |      0.2457 |        0.0106 |      0.0085 |      0.1928 |        0.0118 |      0.0077 |      0.2719 |        0.0100 |      0.0075 |      0.2856 |        0.8209 |      0.8209 |         nan
   63 |        0.6195 |      0.6195 |         nan |        0.0082 |      0.0073 |      0.3109 |        0.0094 |      0.0074 |      0.3020 |        0.0089 |      0.0077 |      0.2503 |        0.0100 |      0.0092 |      0.1115 |        0.0123 |      0.0073 |      0.2919 |        0.0101 |      0.0075 |      0.2867 |        0.8293 |      0.8293 |         nan
   64 |        0.5954 |      0.5954 |         nan |        0.0086 |      0.0073 |      0.3185 |        0.0096 |      0.0073 |      0.3083 |        0.0090 |      0.0076 |      0.2637 |        0.0099 |      0.0074 |      0.2833 |        0.0123 |      0.0081 |      0.2143 |        0.0102 |      0.0076 |      0.2669 |        0.8252 |      0.8252 |         nan
   65 |        0.5819 |      0.5819 |         nan |        0.0082 |      0.0072 |      0.3189 |        0.0094 |      0.0073 |      0.3110 |        0.0087 |      0.0077 |      0.2570 |        0.0100 |      0.0075 |      0.2733 |        0.0129 |      0.0074 |      0.2825 |        0.0095 |      0.0074 |      0.2921 |        0.8292 |      0.8292 |         nan
   66 |        0.5895 |      0.5895 |         nan |        0.0084 |      0.0074 |      0.2916 |        0.0090 |      0.0072 |      0.3126 |        0.0089 |      0.0075 |      0.2732 |        0.0103 |      0.0082 |      0.2138 |        0.0118 |      0.0084 |      0.2120 |        0.0099 |      0.0078 |      0.2694 |        0.8316 |      0.8316 |         nan
   67 |        0.5924 |      0.5924 |         nan |        0.0080 |      0.0073 |      0.3221 |        0.0095 |      0.0076 |      0.3096 |        0.0090 |      0.0076 |      0.2553 |        0.0109 |      0.0082 |      0.2346 |        0.0118 |      0.0074 |      0.2846 |        0.0100 |      0.0074 |      0.2907 |        0.9034 |      0.9034 |         nan
   68 |        0.5879 |      0.5879 |         nan |        0.0078 |      0.0075 |      0.2853 |        0.0092 |      0.0073 |      0.3086 |        0.0087 |      0.0077 |      0.2747 |        0.0099 |      0.0076 |      0.2658 |        0.0114 |      0.0074 |      0.2869 |        0.0096 |      0.0086 |      0.1808 |        0.8455 |      0.8455 |         nan
   69 |        0.5821 |      0.5821 |         nan |        0.0076 |      0.0075 |      0.2801 |        0.0088 |      0.0073 |      0.3119 |        0.0091 |      0.0076 |      0.2763 |        0.0099 |      0.0076 |      0.2754 |        0.0115 |      0.0076 |      0.2751 |        0.0094 |      0.0074 |      0.2969 |        0.8147 |      0.8147 |         nan
   70 |        0.6014 |      0.6014 |         nan |        0.0076 |      0.0074 |      0.3040 |        0.0100 |      0.0072 |      0.3147 |        0.0087 |      0.0077 |      0.2692 |        0.0101 |      0.0072 |      0.2970 |        0.0112 |      0.0075 |      0.2896 |        0.0098 |      0.0074 |      0.2882 |        0.8156 |      0.8156 |         nan
   71 |        0.5915 |      0.5915 |         nan |        0.0083 |      0.0071 |      0.3211 |        0.0103 |      0.0072 |      0.3244 |        0.0085 |      0.0076 |      0.2738 |        0.0094 |      0.0076 |      0.2763 |        0.0113 |      0.0079 |      0.2518 |        0.0096 |      0.0075 |      0.2834 |        0.8229 |      0.8229 |         nan
   72 |        0.5904 |      0.5904 |         nan |        0.0079 |      0.0073 |      0.3241 |        0.0093 |      0.0073 |      0.3151 |        0.0089 |      0.0075 |      0.2751 |        0.0098 |      0.0073 |      0.2955 |        0.0110 |      0.0075 |      0.2844 |        0.0095 |      0.0076 |      0.2832 |        0.8125 |      0.8125 |         nan
   73 |        0.5852 |      0.5852 |         nan |        0.0075 |      0.0072 |      0.3283 |        0.0091 |      0.0073 |      0.3108 |        0.0086 |      0.0075 |      0.2773 |        0.0096 |      0.0077 |      0.2719 |        0.0107 |      0.0082 |      0.2209 |        0.0100 |      0.0077 |      0.2627 |        0.8092 |      0.8092 |         nan
   74 |        0.5815 |      0.5815 |         nan |        0.0084 |      0.0073 |      0.3202 |        0.0092 |      0.0073 |      0.3137 |        0.0089 |      0.0082 |      0.2480 |        0.0097 |      0.0076 |      0.2760 |        0.0104 |      0.0075 |      0.2878 |        0.0100 |      0.0076 |      0.2818 |        0.8021 |      0.8021 |         nan
   75 |        0.5863 |      0.5863 |         nan |        0.0075 |      0.0072 |      0.3305 |        0.0094 |      0.0073 |      0.3130 |        0.0090 |      0.0075 |      0.2732 |        0.0094 |      0.0076 |      0.2626 |        0.0108 |      0.0074 |      0.2912 |        0.0094 |      0.0078 |      0.2711 |        0.8382 |      0.8382 |         nan
   76 |        0.5647 |      0.5647 |         nan |        0.0073 |      0.0072 |      0.3291 |        0.0095 |      0.0072 |      0.3134 |        0.0088 |      0.0076 |      0.2601 |        0.0092 |      0.0076 |      0.2778 |        0.0107 |      0.0073 |      0.2967 |        0.0096 |      0.0079 |      0.2500 |        0.7993 |      0.7993 |         nan
   77 |        0.5649 |      0.5649 |         nan |        0.0076 |      0.0074 |      0.2971 |        0.0091 |      0.0075 |      0.3030 |        0.0085 |      0.0077 |      0.2763 |        0.0100 |      0.0076 |      0.2582 |        0.0105 |      0.0072 |      0.3202 |        0.0094 |      0.0074 |      0.2952 |        0.8038 |      0.8038 |         nan
   78 |        0.5690 |      0.5690 |         nan |        0.0076 |      0.0070 |      0.3297 |        0.0095 |      0.0072 |      0.3124 |        0.0082 |      0.0077 |      0.2706 |        0.0093 |      0.0074 |      0.2830 |        0.0104 |      0.0076 |      0.2759 |        0.0097 |      0.0075 |      0.2880 |        0.8004 |      0.8004 |         nan
   79 |        0.5892 |      0.5892 |         nan |        0.0080 |      0.0071 |      0.3248 |        0.0095 |      0.0072 |      0.3197 |        0.0081 |      0.0076 |      0.2718 |        0.0091 |      0.0075 |      0.2789 |        0.0109 |      0.0075 |      0.2857 |        0.0092 |      0.0076 |      0.2887 |        0.8062 |      0.8062 |         nan
   80 |        0.5694 |      0.5694 |         nan |        0.0073 |      0.0074 |      0.3232 |        0.0091 |      0.0080 |      0.2797 |        0.0083 |      0.0075 |      0.2795 |        0.0091 |      0.0073 |      0.2843 |        0.0104 |      0.0074 |      0.2849 |        0.0089 |      0.0076 |      0.2740 |        0.8755 |      0.8755 |         nan
   81 |        0.6000 |      0.6000 |         nan |        0.0076 |      0.0073 |      0.2983 |        0.0094 |      0.0072 |      0.3172 |        0.0085 |      0.0076 |      0.2531 |        0.0091 |      0.0083 |      0.2253 |        0.0105 |      0.0072 |      0.3021 |        0.0088 |      0.0076 |      0.2780 |        0.8084 |      0.8084 |         nan
   82 |        0.5636 |      0.5636 |         nan |        0.0073 |      0.0074 |      0.2874 |        0.0100 |      0.0071 |      0.3144 |        0.0093 |      0.0075 |      0.2858 |        0.0091 |      0.0077 |      0.2517 |        0.0110 |      0.0081 |      0.2265 |        0.0088 |      0.0074 |      0.2842 |        0.8202 |      0.8202 |         nan
   83 |        0.5775 |      0.5775 |         nan |        0.0073 |      0.0074 |      0.3167 |        0.0089 |      0.0075 |      0.3099 |        0.0083 |      0.0076 |      0.2748 |        0.0093 |      0.0071 |      0.3163 |        0.0107 |      0.0071 |      0.3207 |        0.0088 |      0.0078 |      0.2752 |        0.8162 |      0.8162 |         nan
   84 |        0.5474 |      0.5474 |         nan |        0.0078 |      0.0072 |      0.3173 |        0.0087 |      0.0072 |      0.3105 |        0.0082 |      0.0075 |      0.2691 |        0.0089 |      0.0080 |      0.2422 |        0.0105 |      0.0073 |      0.3112 |        0.0094 |      0.0083 |      0.2130 |        0.8004 |      0.8004 |         nan
   85 |        0.5700 |      0.5700 |         nan |        0.0074 |      0.0074 |      0.3175 |        0.0090 |      0.0074 |      0.3093 |        0.0085 |      0.0077 |      0.2465 |        0.0091 |      0.0076 |      0.2713 |        0.0099 |      0.0077 |      0.2685 |        0.0092 |      0.0078 |      0.2641 |        0.8069 |      0.8069 |         nan
   86 |        0.5661 |      0.5661 |         nan |        0.0076 |      0.0072 |      0.3347 |        0.0088 |      0.0074 |      0.3075 |        0.0085 |      0.0075 |      0.2793 |        0.0088 |      0.0080 |      0.2254 |        0.0101 |      0.0078 |      0.2595 |        0.0090 |      0.0082 |      0.2163 |        0.7994 |      0.7994 |         nan
   87 |        0.5664 |      0.5664 |         nan |        0.0069 |      0.0071 |      0.3257 |        0.0092 |      0.0075 |      0.3071 |        0.0081 |      0.0075 |      0.2805 |        0.0088 |      0.0086 |      0.1804 |        0.0097 |      0.0074 |      0.2992 |        0.0086 |      0.0077 |      0.2605 |        0.8065 |      0.8065 |         nan
   88 |        0.5811 |      0.5811 |         nan |        0.0074 |      0.0070 |      0.3249 |        0.0086 |      0.0072 |      0.3159 |        0.0082 |      0.0076 |      0.2801 |        0.0085 |      0.0086 |      0.1761 |        0.0101 |      0.0074 |      0.3019 |        0.0091 |      0.0074 |      0.2923 |        0.8000 |      0.8000 |         nan
   89 |        0.6286 |      0.6286 |         nan |        0.0077 |      0.0074 |      0.3372 |        0.0087 |      0.0072 |      0.3165 |        0.0082 |      0.0074 |      0.2785 |        0.0089 |      0.0075 |      0.2768 |        0.0103 |      0.0075 |      0.2795 |        0.0096 |      0.0077 |      0.2700 |        0.7977 |      0.7977 |         nan
   90 |        0.5782 |      0.5782 |         nan |        0.0083 |      0.0074 |      0.3354 |        0.0085 |      0.0078 |      0.2829 |        0.0086 |      0.0074 |      0.2843 |        0.0092 |      0.0071 |      0.3091 |        0.0103 |      0.0072 |      0.3029 |        0.0086 |      0.0079 |      0.2558 |        0.8011 |      0.8011 |         nan
   91 |        0.5932 |      0.5932 |         nan |        0.0082 |      0.0074 |      0.3244 |        0.0083 |      0.0072 |      0.3181 |        0.0087 |      0.0076 |      0.2598 |        0.0090 |      0.0078 |      0.2482 |        0.0106 |      0.0076 |      0.2876 |        0.0086 |      0.0078 |      0.2693 |        0.7794 |      0.7794 |         nan
   92 |        0.5888 |      0.5888 |         nan |        0.0074 |      0.0076 |      0.3161 |        0.0095 |      0.0073 |      0.3141 |        0.0087 |      0.0076 |      0.2804 |        0.0089 |      0.0075 |      0.2813 |        0.0098 |      0.0074 |      0.3010 |        0.0089 |      0.0078 |      0.2597 |        0.8226 |      0.8226 |         nan
   93 |        0.5566 |      0.5566 |         nan |        0.0076 |      0.0074 |      0.2949 |        0.0097 |      0.0076 |      0.3077 |        0.0091 |      0.0075 |      0.2920 |        0.0086 |      0.0076 |      0.2770 |        0.0095 |      0.0076 |      0.2891 |        0.0088 |      0.0075 |      0.2775 |        0.8091 |      0.8091 |         nan
   94 |        0.5529 |      0.5529 |         nan |        0.0072 |      0.0073 |      0.3137 |        0.0087 |      0.0075 |      0.3098 |        0.0088 |      0.0078 |      0.2664 |        0.0088 |      0.0077 |      0.2745 |        0.0101 |      0.0073 |      0.3048 |        0.0087 |      0.0076 |      0.2837 |        0.8821 |      0.8821 |         nan
   95 |        0.5656 |      0.5656 |         nan |        0.0071 |      0.0073 |      0.3084 |        0.0083 |      0.0076 |      0.3072 |        0.0085 |      0.0075 |      0.2825 |        0.0087 |      0.0070 |      0.3188 |        0.0099 |      0.0072 |      0.3180 |        0.0084 |      0.0076 |      0.2817 |        0.8080 |      0.8080 |         nan
   96 |        0.5572 |      0.5572 |         nan |        0.0072 |      0.0073 |      0.3212 |        0.0085 |      0.0072 |      0.3119 |        0.0081 |      0.0078 |      0.2675 |        0.0085 |      0.0077 |      0.2670 |        0.0103 |      0.0074 |      0.2887 |        0.0085 |      0.0074 |      0.2885 |        0.8736 |      0.8736 |         nan
   97 |        0.5609 |      0.5609 |         nan |        0.0070 |      0.0073 |      0.3162 |        0.0083 |      0.0072 |      0.3154 |        0.0083 |      0.0075 |      0.2848 |        0.0084 |      0.0072 |      0.3047 |        0.0097 |      0.0075 |      0.3021 |        0.0089 |      0.0076 |      0.2858 |        0.7868 |      0.7868 |         nan
   98 |        0.5463 |      0.5463 |         nan |        0.0075 |      0.0075 |      0.3035 |        0.0080 |      0.0073 |      0.3185 |        0.0082 |      0.0076 |      0.2775 |        0.0087 |      0.0073 |      0.2958 |        0.0096 |      0.0076 |      0.2838 |        0.0088 |      0.0084 |      0.2138 |        0.8025 |      0.8025 |         nan
   99 |        0.5454 |      0.5454 |         nan |        0.0073 |      0.0073 |      0.2812 |        0.0087 |      0.0072 |      0.3105 |        0.0080 |      0.0074 |      0.2822 |        0.0085 |      0.0071 |      0.3198 |        0.0097 |      0.0078 |      0.2716 |        0.0090 |      0.0077 |      0.2743 |        0.7840 |      0.7840 |         nan
  100 |        0.5464 |      0.5464 |         nan |        0.0077 |      0.0071 |      0.3144 |        0.0090 |      0.0076 |      0.3013 |        0.0086 |      0.0073 |      0.2953 |        0.0084 |      0.0073 |      0.3090 |        0.0099 |      0.0074 |      0.3001 |        0.0086 |      0.0076 |      0.2859 |        0.7686 |      0.7686 |         nan

====================================================================================================================================================================================================================================================================================================================================================================================================================================================================
Best ENCODER Model (by Loss) - Epoch: 99, Val Loss: 0.5454
Best MLP Model (by Loss) - Epoch: 88, Val Loss: 0.0070, Val R2: 0.3372
Best MLP Model (by R2) - Epoch: 89, Val Loss: 0.0074, Val R2: 0.3372
Best MLP_EMBEDDING Model (by Loss) - Epoch: 82, Val Loss: 0.0071, Val R2: 0.3244
Best MLP_EMBEDDING Model (by R2) - Epoch: 71, Val Loss: 0.0072, Val R2: 0.3244
Best MLP_VAE_EMBEDDING Model (by Loss) - Epoch: 100, Val Loss: 0.0073, Val R2: 0.2953
Best MLP_VAE_EMBEDDING Model (by R2) - Epoch: 100, Val R2: 0.2953 (same as best loss epoch)
Best TABM Model (by Loss) - Epoch: 95, Val Loss: 0.0070, Val R2: 0.3198
Best TABM Model (by R2) - Epoch: 99, Val Loss: 0.0071, Val R2: 0.3198
Best TABM_EMBEDDING Model (by Loss) - Epoch: 83, Val Loss: 0.0071, Val R2: 0.3207
Best TABM_EMBEDDING Model (by R2) - Epoch: 83, Val R2: 0.3207 (same as best loss epoch)
Best TABM_VAE_EMBEDDING Model (by Loss) - Epoch: 67, Val Loss: 0.0074, Val R2: 0.2969
Best TABM_VAE_EMBEDDING Model (by R2) - Epoch: 69, Val Loss: 0.0074, Val R2: 0.2969
Best VAE_ENCODER Model (by Loss) - Epoch: 100, Val Loss: 0.7686
