Epoch | ENCODER Train | ENCODER Val | ENCODER R2 | MLP Train | MLP Val | MLP R2 | MLP_EMBEDDING Train | MLP_EMBEDDING Val | MLP_EMBEDDING R2 | MLP_VAE_EMBEDDING Train | MLP_VAE_EMBEDDING Val | MLP_VAE_EMBEDDING R2 | TABM Train | TABM Val | TABM R2 | TABM_EMBEDDING Train | TABM_EMBEDDING Val | TABM_EMBEDDING R2 | TABM_VAE_EMBEDDING Train | TABM_VAE_EMBEDDING Val | TABM_VAE_EMBEDDING R2 | VAE_ENCODER Train | VAE_ENCODER Val | VAE_ENCODER R2
--------------------------------------------------------------------------------------------------------------------------------------------------------------------------------------------------------------------------------------------------------------------------------------------------------------------------------------------------------------------------------------------------------------------------------------------------------------------
    1 |        1.0096 |      1.0096 |         nan |       22.0444 |     23.7509 |     -0.2765 |       26.7224 |     27.6407 |     -0.4923 |       20.9015 |     25.3774 |     -0.3792 |       26.0981 |     27.1796 |     -0.4849 |       25.7114 |     25.0591 |     -0.3670 |       25.1221 |     26.4959 |     -0.4559 |        1.0178 |      1.0178 |         nan
    2 |        0.9936 |      0.9936 |         nan |       15.5407 |     17.6231 |      0.0567 |       19.7358 |     22.3717 |     -0.2080 |       14.9881 |     16.9464 |      0.0598 |       23.1072 |     24.7149 |     -0.3501 |       22.5568 |     21.2661 |     -0.1650 |       22.6919 |     24.0819 |     -0.3331 |        1.0067 |      1.0067 |         nan
    3 |        0.9516 |      0.9516 |         nan |       12.9548 |     15.9306 |      0.1393 |       16.8878 |     20.8695 |     -0.1288 |       12.4120 |     14.3771 |      0.1980 |       21.2912 |     23.3523 |     -0.2724 |       20.6988 |     19.3925 |     -0.0673 |       21.0862 |     23.4339 |     -0.2959 |        1.0083 |      1.0083 |         nan
    4 |        0.9027 |      0.9027 |         nan |       10.7521 |     14.5166 |      0.2021 |       13.7953 |     16.3941 |      0.0965 |       11.0576 |     12.6044 |      0.2907 |       19.5547 |     22.3613 |     -0.2100 |       19.9414 |     18.5579 |     -0.0221 |       19.9489 |     23.0839 |     -0.2765 |        1.0054 |      1.0054 |         nan
    5 |        0.8972 |      0.8972 |         nan |        9.7358 |     13.7182 |      0.2325 |       11.5465 |     14.9135 |      0.1781 |       10.1591 |     12.1213 |      0.3281 |       18.2161 |     21.5816 |     -0.1339 |       19.1102 |     16.7647 |      0.0685 |       18.8740 |     21.8557 |     -0.2071 |        0.9974 |      0.9974 |         nan
    6 |        0.8725 |      0.8725 |         nan |        7.5011 |     11.9591 |      0.3422 |       12.0000 |     13.7737 |      0.2230 |        9.1591 |     10.9991 |      0.3852 |       17.0786 |     20.1789 |     -0.0425 |       17.7862 |     16.1032 |      0.1022 |       17.9790 |     20.0301 |     -0.1045 |        0.9571 |      0.9571 |         nan
    7 |        0.8509 |      0.8509 |         nan |        7.7116 |     11.8688 |      0.3567 |        9.7576 |     12.3521 |      0.3002 |        9.0802 |     10.4322 |      0.4129 |       15.6285 |     19.8468 |     -0.0410 |       16.5472 |     16.0037 |      0.1103 |       17.3795 |     19.1619 |     -0.0596 |        0.9281 |      0.9281 |         nan
    8 |        0.8334 |      0.8334 |         nan |        7.2288 |     11.2405 |      0.3629 |        9.5349 |     11.9185 |      0.3281 |        8.2718 |     10.7513 |      0.3985 |       13.9505 |     18.6373 |      0.0094 |       15.2317 |     15.5350 |      0.1230 |       15.6313 |     17.5048 |      0.0243 |        0.9131 |      0.9131 |         nan
    9 |        0.8162 |      0.8162 |         nan |        6.8995 |     10.8791 |      0.3825 |        9.3488 |     11.4644 |      0.3576 |        8.8490 |     10.7745 |      0.3974 |       12.6260 |     17.3068 |      0.1416 |       13.9937 |     13.6603 |      0.2376 |       13.8490 |     16.0157 |      0.1090 |        0.8987 |      0.8987 |         nan
   10 |        0.7947 |      0.7947 |         nan |        6.5586 |     10.6546 |      0.3927 |        9.2538 |     11.3022 |      0.3674 |        7.9292 |     10.7713 |      0.3931 |       10.9785 |     16.6769 |      0.2236 |       12.8480 |     12.5899 |      0.2951 |       12.7903 |     14.4501 |      0.1911 |        0.8915 |      0.8915 |         nan
   11 |        0.7769 |      0.7769 |         nan |        6.7577 |     10.3672 |      0.4363 |        9.0156 |     11.2022 |      0.3742 |        9.0128 |     10.7983 |      0.3957 |        9.8177 |     14.2551 |      0.2773 |       11.9512 |     12.9115 |      0.2844 |       11.4995 |     14.0741 |      0.2155 |        0.8753 |      0.8753 |         nan
   12 |        0.7799 |      0.7799 |         nan |        6.4266 |     11.1336 |      0.3817 |        8.5590 |     10.9549 |      0.3885 |        8.9753 |     10.5998 |      0.4022 |        9.2203 |     16.1497 |      0.2835 |       11.7108 |     11.8326 |      0.3356 |       10.3171 |     12.2373 |      0.3178 |        0.8745 |      0.8745 |         nan
   13 |        0.7495 |      0.7495 |         nan |        5.8808 |     10.9701 |      0.4095 |        8.3576 |     10.9717 |      0.3882 |        8.7319 |     10.5257 |      0.4124 |        7.6722 |     12.7564 |      0.3940 |       10.6744 |     10.8574 |      0.3916 |       10.0436 |     11.7263 |      0.3494 |        0.8655 |      0.8655 |         nan
   14 |        0.7310 |      0.7310 |         nan |        5.7143 |     11.4064 |      0.3763 |        9.0645 |     11.4183 |      0.3578 |        8.2019 |     10.3870 |      0.4160 |        7.2103 |     12.1553 |      0.3746 |        9.9452 |     10.7250 |      0.3993 |        9.1190 |     11.4014 |      0.3610 |        0.8646 |      0.8646 |         nan
   15 |        0.7180 |      0.7180 |         nan |        5.8164 |     11.4268 |      0.3888 |        8.7224 |     10.6971 |      0.4006 |        8.1753 |     10.3967 |      0.4126 |        6.6914 |     11.5569 |      0.3947 |        9.2591 |     11.4120 |      0.3596 |        8.9357 |     11.2307 |      0.3706 |        0.8598 |      0.8598 |         nan
   16 |        0.7218 |      0.7218 |         nan |        5.5550 |     11.4737 |      0.3834 |        8.6806 |     10.9753 |      0.3852 |        7.3016 |     10.3817 |      0.4200 |        7.9636 |     11.8408 |      0.4182 |        9.2925 |     10.5890 |      0.4073 |        8.8612 |     10.8678 |      0.3910 |        0.8580 |      0.8580 |         nan
   17 |        0.7052 |      0.7052 |         nan |        5.5556 |     11.6663 |      0.3591 |        7.8716 |     10.7022 |      0.4021 |        7.7697 |     10.4781 |      0.4132 |        6.6440 |     11.7278 |      0.4297 |        8.9191 |     11.7668 |      0.3449 |        8.8675 |     10.6830 |      0.4051 |        0.8624 |      0.8624 |         nan
   18 |        0.6959 |      0.6959 |         nan |        5.4641 |     11.5336 |      0.3757 |        8.3304 |     10.9942 |      0.3859 |        8.4728 |     10.3459 |      0.4276 |        6.7800 |     12.0330 |      0.4343 |        8.9075 |     10.8544 |      0.3959 |        8.6586 |     10.5038 |      0.4177 |        0.8518 |      0.8518 |         nan
   19 |        0.6838 |      0.6838 |         nan |        5.9078 |     11.4182 |      0.3758 |        8.5070 |     10.9458 |      0.3861 |        7.5310 |     10.3074 |      0.4257 |        6.4805 |     13.0969 |      0.4293 |        9.1159 |     12.9283 |      0.2811 |        8.8418 |     10.8298 |      0.3982 |        0.8575 |      0.8575 |         nan
   20 |        0.6819 |      0.6819 |         nan |        5.8763 |     11.4202 |      0.3613 |        8.8021 |     10.6164 |      0.4071 |        8.1111 |     10.3009 |      0.4240 |        5.7705 |     12.8120 |      0.4435 |        9.4790 |     10.5491 |      0.4079 |        8.3152 |     11.2378 |      0.3846 |        0.8608 |      0.8608 |         nan
   21 |        0.6560 |      0.6560 |         nan |        5.0572 |     11.6222 |      0.3496 |        8.6066 |     10.9105 |      0.3848 |        7.6623 |     10.4714 |      0.4148 |        6.2640 |     13.3758 |      0.4268 |        8.7341 |     11.6982 |      0.3430 |        8.3908 |     10.4429 |      0.4201 |        0.8520 |      0.8520 |         nan
   22 |        0.6761 |      0.6761 |         nan |        5.0359 |     11.5900 |      0.3701 |        9.0406 |     10.8690 |      0.3949 |        7.5763 |     10.3968 |      0.4277 |        6.2867 |     13.1275 |      0.4330 |        8.6379 |     10.9697 |      0.3844 |        8.3371 |     10.4751 |      0.4187 |        0.8575 |      0.8575 |         nan
   23 |        0.6638 |      0.6638 |         nan |        5.1050 |     12.1112 |      0.3527 |        8.4653 |     10.9985 |      0.3875 |        8.0108 |     10.3490 |      0.4350 |        6.4907 |     12.3017 |      0.4289 |        9.1838 |     10.5755 |      0.4078 |        8.2511 |     10.3114 |      0.4233 |        0.8477 |      0.8477 |         nan
   24 |        0.6405 |      0.6405 |         nan |        6.0170 |     11.8516 |      0.3452 |        8.5369 |     10.9643 |      0.3856 |        8.1034 |     10.4542 |      0.4204 |        6.1866 |     11.6416 |      0.4385 |        8.9823 |     12.1571 |      0.3200 |        8.1497 |     10.5605 |      0.4150 |        0.8483 |      0.8483 |         nan
   25 |        0.6451 |      0.6451 |         nan |        5.4218 |     11.7796 |      0.3602 |        8.5536 |     10.9583 |      0.3885 |        8.1331 |     10.3537 |      0.4161 |        6.1858 |     11.6085 |      0.4469 |        8.1691 |     10.6475 |      0.3993 |        8.4984 |     11.2202 |      0.3789 |        0.8476 |      0.8476 |         nan
   26 |        0.6415 |      0.6415 |         nan |        4.7053 |     11.8577 |      0.3601 |        7.7624 |     10.8130 |      0.3992 |        7.8229 |     10.4599 |      0.4238 |        5.7062 |     14.4281 |      0.4043 |        8.8091 |     11.0121 |      0.3836 |        8.1447 |     10.7025 |      0.4027 |        0.8596 |      0.8596 |         nan
   27 |        0.6350 |      0.6350 |         nan |        4.9048 |     12.0261 |      0.3603 |        8.4143 |     10.8170 |      0.4016 |        7.7485 |     10.2728 |      0.4258 |        5.8396 |     11.4722 |      0.4462 |        8.9658 |     10.5157 |      0.4081 |        8.0938 |     10.6895 |      0.4143 |        0.8387 |      0.8387 |         nan
   28 |        0.6278 |      0.6278 |         nan |        5.1182 |     11.6375 |      0.3474 |        8.5011 |     10.7909 |      0.4039 |        7.5609 |     10.5780 |      0.4059 |        5.4857 |     13.7084 |      0.4162 |        8.5659 |     10.3540 |      0.4172 |        7.7792 |     10.1634 |      0.4296 |        0.8315 |      0.8315 |         nan
   29 |        0.6400 |      0.6400 |         nan |        5.4000 |     11.4775 |      0.3548 |        8.7494 |     10.9046 |      0.3941 |        8.3164 |     10.4577 |      0.4275 |        5.6385 |     11.2939 |      0.3987 |        8.6688 |     10.6246 |      0.4011 |        8.0346 |     10.3729 |      0.4183 |        0.8354 |      0.8354 |         nan
   30 |        0.6361 |      0.6361 |         nan |        4.8255 |     11.7968 |      0.3251 |        7.3580 |     10.8185 |      0.4027 |        7.5123 |     10.4125 |      0.4163 |        5.2916 |     11.5629 |      0.4387 |        8.9282 |     10.5722 |      0.4097 |        8.0333 |     10.3989 |      0.4245 |        0.8340 |      0.8340 |         nan
   31 |        0.6205 |      0.6205 |         nan |        4.7379 |     11.4597 |      0.3560 |        8.2826 |     10.7423 |      0.4040 |        8.2481 |     10.3695 |      0.4182 |        5.1439 |     13.3191 |      0.4112 |        9.3251 |     10.5176 |      0.4087 |        7.8529 |     10.6111 |      0.4195 |        0.8289 |      0.8289 |         nan
   32 |        0.6081 |      0.6081 |         nan |        5.1426 |     11.7692 |      0.3333 |        8.0514 |     10.8793 |      0.3909 |        7.7975 |     10.4410 |      0.4213 |        4.9411 |     12.0099 |      0.4160 |        8.5302 |     10.5255 |      0.4055 |        8.1262 |     10.8038 |      0.4132 |        0.8180 |      0.8180 |         nan
   33 |        0.5971 |      0.5971 |         nan |        4.5888 |     12.1982 |      0.3193 |        8.3691 |     11.0236 |      0.3827 |        8.1461 |     10.5330 |      0.4272 |        4.9518 |     11.5236 |      0.4242 |        9.1191 |     10.6392 |      0.4040 |        7.6898 |     10.2857 |      0.4318 |        0.8207 |      0.8207 |         nan
   34 |        0.6109 |      0.6109 |         nan |        4.7452 |     11.7528 |      0.3438 |        9.0517 |     10.7721 |      0.3995 |        8.3258 |     10.5224 |      0.4253 |        5.1701 |     12.1471 |      0.4261 |        8.5059 |     10.3858 |      0.4196 |        7.5906 |     10.4959 |      0.4163 |        0.8202 |      0.8202 |         nan
   35 |        0.6051 |      0.6051 |         nan |        4.1753 |     12.0219 |      0.3192 |        7.8942 |     11.0600 |      0.3788 |        7.5887 |     10.5989 |      0.4290 |        5.1863 |     11.5961 |      0.3908 |        8.6734 |     10.3536 |      0.4192 |        7.4277 |     10.3491 |      0.4234 |        0.8102 |      0.8102 |         nan
   36 |        0.6063 |      0.6063 |         nan |        4.4490 |     11.8075 |      0.3338 |        7.8428 |     10.9237 |      0.4043 |        7.2605 |     10.1757 |      0.4352 |        5.1361 |     13.8125 |      0.3692 |        8.0030 |     10.8442 |      0.3935 |        7.8678 |     11.6262 |      0.3788 |        0.8123 |      0.8123 |         nan
   37 |        0.6011 |      0.6011 |         nan |        4.2333 |     11.8562 |      0.3208 |        7.5354 |     10.8725 |      0.4002 |        7.6672 |     10.4906 |      0.4290 |        4.7775 |     12.6161 |      0.4042 |        8.3551 |     10.6857 |      0.4084 |        7.8287 |     10.4220 |      0.4187 |        0.8169 |      0.8169 |         nan
   38 |        0.5933 |      0.5933 |         nan |        4.4377 |     11.7838 |      0.3387 |        8.1154 |     10.6324 |      0.4083 |        7.6974 |     10.4038 |      0.4369 |        4.7001 |     12.4435 |      0.4140 |        8.1667 |     10.7652 |      0.4010 |        7.6500 |     11.1370 |      0.3783 |        0.8175 |      0.8175 |         nan
   39 |        0.6025 |      0.6025 |         nan |        4.2897 |     11.8568 |      0.3220 |        8.2601 |     10.7904 |      0.3959 |        7.3371 |     10.3597 |      0.4302 |        4.9522 |     11.7022 |      0.4000 |        8.4383 |     11.8973 |      0.3410 |        7.4159 |     10.5957 |      0.4104 |        0.8051 |      0.8051 |         nan
   40 |        0.5964 |      0.5964 |         nan |        4.1758 |     11.7491 |      0.3455 |        8.5956 |     10.5381 |      0.4173 |        8.2412 |     10.3582 |      0.4363 |        4.3296 |     13.3479 |      0.4087 |        8.9563 |     11.3135 |      0.3720 |        7.4674 |     10.4725 |      0.4191 |        0.8092 |      0.8092 |         nan
   41 |        0.5955 |      0.5955 |         nan |        4.1497 |     12.1022 |      0.3253 |        8.1480 |     10.8301 |      0.4008 |        7.4668 |     10.3701 |      0.4362 |        5.0543 |     11.9112 |      0.3949 |        8.7930 |     11.1840 |      0.3793 |        7.7148 |     10.4371 |      0.4210 |        0.8150 |      0.8150 |         nan
   42 |        0.5771 |      0.5771 |         nan |        4.2523 |     12.1944 |      0.3316 |        7.9637 |     10.9627 |      0.4014 |        7.9467 |     10.2911 |      0.4405 |        4.9227 |     13.3103 |      0.3944 |        8.6815 |     10.7652 |      0.3957 |        7.7202 |     10.4400 |      0.4259 |        0.8034 |      0.8034 |         nan
   43 |        0.5813 |      0.5813 |         nan |        3.9784 |     11.9754 |      0.3153 |        7.6812 |     11.1815 |      0.3757 |        7.4277 |     10.4216 |      0.4283 |        4.8291 |     12.4947 |      0.3859 |        8.6085 |     10.4766 |      0.4092 |        7.3497 |     10.6437 |      0.4097 |        0.7970 |      0.7970 |         nan
   44 |        0.5862 |      0.5862 |         nan |        4.3132 |     11.9772 |      0.3203 |        7.9795 |     11.1356 |      0.3869 |        7.3351 |     10.3382 |      0.4341 |        4.4508 |     14.9390 |      0.3647 |        8.3677 |     10.6729 |      0.3995 |        7.3863 |     11.0669 |      0.4027 |        0.8008 |      0.8008 |         nan
   45 |        0.5758 |      0.5758 |         nan |        4.1408 |     11.7117 |      0.3433 |        7.9513 |     10.9667 |      0.3989 |        7.3464 |     10.3849 |      0.4458 |        4.4561 |     13.3415 |      0.3927 |        8.3278 |     12.4131 |      0.3168 |        8.3369 |     10.5433 |      0.4135 |        0.7970 |      0.7970 |         nan
   46 |        0.5965 |      0.5965 |         nan |        3.7598 |     11.9061 |      0.3223 |        8.0818 |     10.9251 |      0.3998 |        7.6025 |     10.5029 |      0.4389 |        4.4936 |     12.0002 |      0.3943 |        7.5917 |     10.4420 |      0.4105 |        7.5971 |     10.3973 |      0.4283 |        0.7905 |      0.7905 |         nan
   47 |        0.5704 |      0.5704 |         nan |        3.7039 |     12.1587 |      0.3177 |        7.9031 |     10.8916 |      0.4144 |        6.9232 |     10.4146 |      0.4287 |        4.4306 |     13.9993 |      0.3686 |        8.4241 |     10.2797 |      0.4217 |        7.1182 |     10.4096 |      0.4299 |        0.7838 |      0.7838 |         nan
   48 |        0.5831 |      0.5831 |         nan |        4.7309 |     11.8042 |      0.3290 |        8.1367 |     10.8623 |      0.4034 |        7.3732 |     10.3330 |      0.4321 |        4.3850 |     12.9971 |      0.3998 |        8.6513 |     10.4307 |      0.4123 |        7.4597 |     10.4221 |      0.4209 |        0.7892 |      0.7892 |         nan
   49 |        0.5793 |      0.5793 |         nan |        3.7572 |     12.1484 |      0.3213 |        9.1915 |     11.1203 |      0.3779 |        7.2267 |     10.3718 |      0.4259 |        4.4569 |     11.7980 |      0.4250 |        8.0910 |     10.7352 |      0.3975 |        7.4568 |     10.6942 |      0.4129 |        0.7900 |      0.7900 |         nan
   50 |        0.5617 |      0.5617 |         nan |        4.1408 |     11.8749 |      0.3374 |        7.9907 |     10.9574 |      0.3938 |        7.0865 |     10.4350 |      0.4310 |        4.2848 |     11.8059 |      0.4252 |        8.1407 |     10.5649 |      0.4083 |        7.3831 |     10.3384 |      0.4317 |        0.7846 |      0.7846 |         nan

====================================================================================================================================================================================================================================================================================================================================================================================================================================================================
Best ENCODER Model (by Loss) - Epoch: 50, Val Loss: 0.5617
Best MLP Model (by Loss) - Epoch: 11, Val Loss: 10.3672, Val R2: 0.4363
Best MLP Model (by R2) - Epoch: 11, Val R2: 0.4363 (same as best loss epoch)
Best MLP_EMBEDDING Model (by Loss) - Epoch: 40, Val Loss: 10.5381, Val R2: 0.4173
Best MLP_EMBEDDING Model (by R2) - Epoch: 40, Val R2: 0.4173 (same as best loss epoch)
Best MLP_VAE_EMBEDDING Model (by Loss) - Epoch: 36, Val Loss: 10.1757, Val R2: 0.4458
Best MLP_VAE_EMBEDDING Model (by R2) - Epoch: 45, Val Loss: 10.3849, Val R2: 0.4458
Best TABM Model (by Loss) - Epoch: 29, Val Loss: 11.2939, Val R2: 0.4469
Best TABM Model (by R2) - Epoch: 25, Val Loss: 11.6085, Val R2: 0.4469
Best TABM_EMBEDDING Model (by Loss) - Epoch: 47, Val Loss: 10.2797, Val R2: 0.4217
Best TABM_EMBEDDING Model (by R2) - Epoch: 47, Val R2: 0.4217 (same as best loss epoch)
Best TABM_VAE_EMBEDDING Model (by Loss) - Epoch: 28, Val Loss: 10.1634, Val R2: 0.4318
Best TABM_VAE_EMBEDDING Model (by R2) - Epoch: 33, Val Loss: 10.2857, Val R2: 0.4318
Best VAE_ENCODER Model (by Loss) - Epoch: 47, Val Loss: 0.7838
