Epoch | ENCODER Train | ENCODER Val | ENCODER R2 | MLP Train | MLP Val | MLP R2 | MLP_EMBEDDING Train | MLP_EMBEDDING Val | MLP_EMBEDDING R2 | MLP_VAE_EMBEDDING Train | MLP_VAE_EMBEDDING Val | MLP_VAE_EMBEDDING R2 | TABM Train | TABM Val | TABM R2 | TABM_EMBEDDING Train | TABM_EMBEDDING Val | TABM_EMBEDDING R2 | TABM_VAE_EMBEDDING Train | TABM_VAE_EMBEDDING Val | TABM_VAE_EMBEDDING R2 | VAE_ENCODER Train | VAE_ENCODER Val | VAE_ENCODER R2
--------------------------------------------------------------------------------------------------------------------------------------------------------------------------------------------------------------------------------------------------------------------------------------------------------------------------------------------------------------------------------------------------------------------------------------------------------------------
    1 |        1.0141 |      1.0141 |         nan |       10.7069 |      9.0635 |     -0.3647 |       11.8717 |     10.4463 |     -0.5999 |       10.2955 |      9.3092 |     -0.4334 |       12.7321 |     10.8681 |     -0.6036 |       12.8855 |     10.0732 |     -0.5265 |       12.4324 |     11.8863 |     -0.7876 |        1.0258 |      1.0258 |         nan
    2 |        1.0102 |      1.0102 |         nan |        7.5461 |      7.0502 |     -0.0527 |        9.0153 |      8.2244 |     -0.2752 |        7.6202 |      7.4310 |     -0.1267 |       11.1407 |      9.4590 |     -0.4280 |       11.4722 |      9.4757 |     -0.4442 |       11.2571 |     11.7683 |     -0.7504 |        1.0102 |      1.0102 |         nan
    3 |        0.9930 |      0.9930 |         nan |        5.7468 |      6.0080 |      0.0863 |        6.9711 |      7.2172 |     -0.1083 |        5.8682 |      6.3257 |      0.0970 |       10.7474 |      9.2373 |     -0.3920 |       10.5938 |      8.9279 |     -0.3627 |       10.5176 |     11.3081 |     -0.6638 |        1.0020 |      1.0020 |         nan
    4 |        0.9528 |      0.9528 |         nan |        4.7406 |      4.7511 |      0.2567 |        5.8516 |      6.0555 |      0.0893 |        5.3159 |      5.7119 |      0.1848 |        9.8230 |      9.3640 |     -0.3959 |       10.5318 |      9.1082 |     -0.3673 |       10.1747 |     11.3130 |     -0.6257 |        1.0042 |      1.0042 |         nan
    5 |        0.9119 |      0.9119 |         nan |        4.2991 |      4.4485 |      0.3184 |        5.7559 |      5.7406 |      0.1564 |        4.9660 |      5.0998 |      0.2889 |        9.2083 |      8.7687 |     -0.2963 |        9.7419 |      8.4794 |     -0.2804 |        9.6117 |     11.2556 |     -0.6123 |        1.0033 |      1.0033 |         nan
    6 |        0.8718 |      0.8718 |         nan |        3.8435 |      4.5444 |      0.2981 |        5.1100 |      4.5330 |      0.2926 |        4.6566 |      4.9308 |      0.3233 |        8.9884 |      9.2548 |     -0.3624 |        9.3123 |      7.9956 |     -0.2146 |        9.0514 |      9.8877 |     -0.4258 |        0.9811 |      0.9811 |         nan
    7 |        0.8386 |      0.8386 |         nan |        3.9269 |      4.7732 |      0.2846 |        5.1723 |      4.4490 |      0.3185 |        4.6462 |      4.3658 |      0.3790 |        7.8238 |      6.7877 |     -0.0286 |        8.4416 |      7.5498 |     -0.1291 |        8.2231 |      9.5712 |     -0.3500 |        0.9440 |      0.9440 |         nan
    8 |        0.8101 |      0.8101 |         nan |        4.0345 |      4.2537 |      0.3429 |        4.9759 |      5.2820 |      0.2611 |        4.0737 |      4.7881 |      0.3441 |        7.0593 |      6.9825 |     -0.0458 |        7.8557 |      6.7104 |     -0.0058 |        7.7502 |      8.8747 |     -0.2326 |        0.9203 |      0.9203 |         nan
    9 |        0.7963 |      0.7963 |         nan |        4.0488 |      3.9433 |      0.3934 |        4.5593 |      4.1252 |      0.3619 |        4.5150 |      5.0811 |      0.3223 |        6.0849 |      5.5225 |      0.1610 |        6.8959 |      6.0742 |      0.0728 |        6.6501 |      7.0957 |     -0.0098 |        0.9148 |      0.9148 |         nan
   10 |        0.7907 |      0.7907 |         nan |        3.4061 |      4.3753 |      0.3599 |        4.8209 |      4.2366 |      0.3329 |        4.3853 |      4.5337 |      0.3691 |        5.4438 |      4.9690 |      0.2357 |        6.6072 |      5.1255 |      0.2101 |        6.1976 |      6.8071 |      0.0400 |        0.9205 |      0.9205 |         nan
   11 |        0.7757 |      0.7757 |         nan |        3.7203 |      4.1495 |      0.3490 |        4.6229 |      4.5048 |      0.3467 |        4.1656 |      4.6935 |      0.3674 |        4.9058 |      4.9997 |      0.2438 |        6.1141 |      4.5302 |      0.2882 |        5.5490 |      5.0453 |      0.2455 |        0.9071 |      0.9071 |         nan
   12 |        0.7601 |      0.7601 |         nan |        3.1398 |      4.1819 |      0.3428 |        4.5592 |      4.8471 |      0.3148 |        4.2131 |      4.8071 |      0.3361 |        4.2737 |      4.2761 |      0.3250 |        5.4081 |      4.5191 |      0.3014 |        5.1160 |      4.9433 |      0.2776 |        0.9108 |      0.9108 |         nan
   13 |        0.7388 |      0.7388 |         nan |        3.1481 |      4.5543 |      0.3167 |        4.6584 |      4.6171 |      0.3354 |        4.3136 |      4.6544 |      0.3491 |        4.1929 |      4.0868 |      0.3571 |        5.2736 |      4.0557 |      0.3685 |        4.6301 |      5.0027 |      0.3059 |        0.9204 |      0.9204 |         nan
   14 |        0.7380 |      0.7380 |         nan |        3.3485 |      4.5717 |      0.3287 |        4.8500 |      4.1382 |      0.3776 |        4.0448 |      4.8597 |      0.3353 |        3.9489 |      3.9003 |      0.3740 |        5.1161 |      3.8670 |      0.3927 |        4.8191 |      4.5502 |      0.3444 |        0.9080 |      0.9080 |         nan
   15 |        0.7247 |      0.7247 |         nan |        3.3331 |      4.1950 |      0.3621 |        4.6013 |      4.2775 |      0.3674 |        4.4320 |      4.7897 |      0.3473 |        3.9474 |      3.7705 |      0.3954 |        5.2221 |      3.9946 |      0.3760 |        4.4743 |      4.6344 |      0.3360 |        0.9179 |      0.9179 |         nan
   16 |        0.7185 |      0.7185 |         nan |        2.8996 |      4.6327 |      0.2988 |        4.4760 |      4.0436 |      0.3853 |        4.5902 |      4.6321 |      0.3675 |        3.6976 |      3.8195 |      0.3883 |        5.0276 |      3.9285 |      0.3906 |        4.7025 |      4.7772 |      0.3444 |        0.9190 |      0.9190 |         nan
   17 |        0.7091 |      0.7091 |         nan |        2.8971 |      4.8076 |      0.2952 |        4.4459 |      4.4532 |      0.3514 |        4.2400 |      4.6802 |      0.3535 |        3.6133 |      4.0651 |      0.3577 |        4.9889 |      3.7308 |      0.4100 |        4.6967 |      4.6800 |      0.3427 |        0.9108 |      0.9108 |         nan
   18 |        0.6940 |      0.6940 |         nan |        3.0068 |      4.5642 |      0.3104 |        4.5360 |      4.3636 |      0.3594 |        4.2135 |      4.7317 |      0.3549 |        3.8084 |      4.3196 |      0.3094 |        4.9863 |      4.0694 |      0.3905 |        4.4731 |      4.2721 |      0.3856 |        0.9142 |      0.9142 |         nan
   19 |        0.6933 |      0.6933 |         nan |        2.8826 |      4.6406 |      0.2893 |        4.5621 |      4.4284 |      0.3590 |        4.2851 |      4.4704 |      0.3741 |        3.6611 |      4.0678 |      0.3794 |        4.7506 |      4.1576 |      0.3767 |        4.4127 |      4.5379 |      0.3655 |        0.9043 |      0.9043 |         nan
   20 |        0.6950 |      0.6950 |         nan |        2.9452 |      4.5791 |      0.2882 |        4.5532 |      4.0828 |      0.3822 |        4.1678 |      4.5730 |      0.3637 |        3.3714 |      4.1218 |      0.3570 |        4.9095 |      4.1302 |      0.3728 |        4.5677 |      4.3588 |      0.3659 |        0.8928 |      0.8928 |         nan
   21 |        0.6813 |      0.6813 |         nan |        2.6915 |      4.4588 |      0.2927 |        4.3545 |      4.5382 |      0.3638 |        4.2867 |      4.8010 |      0.3464 |        3.2080 |      4.0194 |      0.3825 |        5.0113 |      3.8314 |      0.4043 |        4.4931 |      4.4690 |      0.3586 |        0.8921 |      0.8921 |         nan
   22 |        0.6714 |      0.6714 |         nan |        2.7308 |      4.5018 |      0.2957 |        4.6755 |      4.3692 |      0.3812 |        3.9102 |      4.5077 |      0.3604 |        3.1956 |      4.0125 |      0.3874 |        4.8177 |      3.8784 |      0.4039 |        4.3783 |      4.3709 |      0.3693 |        0.8865 |      0.8865 |         nan
   23 |        0.6717 |      0.6717 |         nan |        2.7938 |      4.5633 |      0.2841 |        5.2043 |      4.3439 |      0.3696 |        4.4796 |      5.0085 |      0.3160 |        3.4038 |      4.4492 |      0.3046 |        4.9556 |      4.4945 |      0.3308 |        4.3750 |      4.3489 |      0.3805 |        0.8930 |      0.8930 |         nan
   24 |        0.6664 |      0.6664 |         nan |        2.7119 |      4.2125 |      0.3321 |        4.7170 |      4.2930 |      0.3852 |        4.2816 |      4.7511 |      0.3478 |        3.0521 |      4.3246 |      0.3099 |        4.6432 |      3.8281 |      0.3994 |        4.1717 |      4.2944 |      0.3904 |        0.8829 |      0.8829 |         nan
   25 |        0.6622 |      0.6622 |         nan |        2.9399 |      5.1618 |      0.2395 |        4.4634 |      4.0585 |      0.3934 |        4.2910 |      4.8751 |      0.3437 |        3.1852 |      4.0780 |      0.3761 |        4.9846 |      4.0464 |      0.3723 |        4.3026 |      4.7254 |      0.3527 |        0.8829 |      0.8829 |         nan
   26 |        0.6530 |      0.6530 |         nan |        2.7703 |      4.8623 |      0.2429 |        4.5695 |      4.3071 |      0.3846 |        4.1174 |      4.6226 |      0.3576 |        3.0102 |      4.3531 |      0.3323 |        4.7884 |      3.7986 |      0.4060 |        4.2945 |      4.1554 |      0.3924 |        0.8758 |      0.8758 |         nan
   27 |        0.6461 |      0.6461 |         nan |        2.6203 |      5.0512 |      0.2522 |        4.3714 |      4.2176 |      0.3979 |        4.3737 |      4.9392 |      0.3244 |        3.1973 |      4.2131 |      0.3399 |        4.8952 |      4.0521 |      0.3751 |        4.2483 |      4.2195 |      0.3852 |        0.8803 |      0.8803 |         nan
   28 |        0.6456 |      0.6456 |         nan |        2.5707 |      4.7003 |      0.2849 |        4.6940 |      4.5343 |      0.3602 |        4.0524 |      4.7021 |      0.3416 |        3.1206 |      4.6240 |      0.2645 |        4.7272 |      3.6486 |      0.4180 |        3.9856 |      4.6214 |      0.3473 |        0.8601 |      0.8601 |         nan
   29 |        0.6495 |      0.6495 |         nan |        2.5905 |      4.5985 |      0.2864 |        4.4468 |      4.2895 |      0.3842 |        4.0229 |      4.6116 |      0.3503 |        2.8772 |      4.4301 |      0.3129 |        4.9444 |      3.8673 |      0.4066 |        4.2594 |      4.3378 |      0.3824 |        0.8586 |      0.8586 |         nan
   30 |        0.6516 |      0.6516 |         nan |        2.5358 |      5.3588 |      0.2229 |        4.1589 |      4.3439 |      0.3774 |        3.9616 |      4.8938 |      0.3308 |        2.9580 |      4.2969 |      0.3716 |        4.7702 |      3.7792 |      0.4117 |        4.2786 |      4.9711 |      0.2991 |        0.8517 |      0.8517 |         nan
   31 |        0.6353 |      0.6353 |         nan |        2.4850 |      5.2492 |      0.2225 |        4.3501 |      4.0562 |      0.3823 |        4.3190 |      4.7991 |      0.3411 |        2.7552 |      4.4858 |      0.3236 |        4.8151 |      4.1681 |      0.3740 |        4.1334 |      4.5192 |      0.3563 |        0.8475 |      0.8475 |         nan
   32 |        0.6346 |      0.6346 |         nan |        2.2827 |      4.9024 |      0.2470 |        4.2140 |      4.4077 |      0.3742 |        4.1549 |      4.5769 |      0.3531 |        2.7373 |      4.1347 |      0.3617 |        4.7172 |      4.1012 |      0.3826 |        4.1416 |      4.1722 |      0.3801 |        0.8502 |      0.8502 |         nan
   33 |        0.6575 |      0.6575 |         nan |        2.4073 |      4.8945 |      0.2439 |        4.7295 |      4.5487 |      0.3670 |        3.9409 |      4.5524 |      0.3516 |        2.6529 |      4.2769 |      0.3483 |        4.7895 |      3.8281 |      0.4040 |        4.0735 |      4.6690 |      0.3289 |        0.8380 |      0.8380 |         nan
   34 |        0.6219 |      0.6219 |         nan |        2.2165 |      4.7746 |      0.2682 |        4.5937 |      4.5235 |      0.3670 |        3.9492 |      4.7757 |      0.3388 |        2.5673 |      4.7036 |      0.2751 |        4.7498 |      4.1532 |      0.3757 |        3.9890 |      4.4498 |      0.3645 |        0.8199 |      0.8199 |         nan
   35 |        0.6183 |      0.6183 |         nan |        2.3894 |      4.6419 |      0.2678 |        4.6941 |      4.5322 |      0.3850 |        3.9784 |      4.6745 |      0.3461 |        2.7339 |      4.3020 |      0.3489 |        4.6751 |      4.2029 |      0.3740 |        3.9953 |      4.3639 |      0.3657 |        0.8383 |      0.8383 |         nan
   36 |        0.6239 |      0.6239 |         nan |        2.1315 |      4.5349 |      0.2872 |        4.5101 |      4.4324 |      0.3849 |        4.0604 |      4.7803 |      0.3346 |        2.6464 |      4.4372 |      0.3192 |        5.0358 |      4.1286 |      0.3925 |        4.2339 |      4.8233 |      0.3137 |        0.8179 |      0.8179 |         nan
   37 |        0.6227 |      0.6227 |         nan |        2.6581 |      4.4774 |      0.3039 |        4.6448 |      4.3831 |      0.3898 |        4.0072 |      4.8780 |      0.3190 |        2.7230 |      4.5248 |      0.3139 |        4.6996 |      3.7357 |      0.4215 |        3.9992 |      4.2266 |      0.3774 |        0.8197 |      0.8197 |         nan
   38 |        0.6152 |      0.6152 |         nan |        2.6375 |      4.5901 |      0.3032 |        4.7002 |      4.5802 |      0.3698 |        3.8393 |      4.8199 |      0.3368 |        2.7091 |      4.5547 |      0.3437 |        4.8083 |      3.7497 |      0.4204 |        4.0554 |      4.3697 |      0.3570 |        0.8056 |      0.8056 |         nan
   39 |        0.6307 |      0.6307 |         nan |        2.3330 |      4.6823 |      0.2870 |        4.3410 |      4.6552 |      0.3428 |        3.9551 |      4.7237 |      0.3370 |        2.6204 |      4.4228 |      0.3291 |        4.6586 |      4.0263 |      0.3919 |        3.7643 |      4.1845 |      0.3806 |        0.8123 |      0.8123 |         nan
   40 |        0.6106 |      0.6106 |         nan |        2.4511 |      4.8431 |      0.2622 |        4.5124 |      4.6553 |      0.3499 |        3.7588 |      4.5780 |      0.3489 |        2.7406 |      4.7783 |      0.3191 |        4.8269 |      4.0180 |      0.3972 |        3.9255 |      4.5610 |      0.3473 |        0.8133 |      0.8133 |         nan
   41 |        0.6137 |      0.6137 |         nan |        2.3303 |      5.1122 |      0.2200 |        4.2207 |      4.5691 |      0.3651 |        3.7380 |      4.6224 |      0.3480 |        2.5533 |      4.4627 |      0.3418 |        4.5382 |      3.9426 |      0.4016 |        3.9792 |      4.3540 |      0.3647 |        0.8122 |      0.8122 |         nan
   42 |        0.6026 |      0.6026 |         nan |        2.1990 |      5.0230 |      0.2237 |        4.5451 |      4.3253 |      0.3635 |        3.9180 |      4.6380 |      0.3522 |        2.5411 |      4.4432 |      0.3182 |        4.7288 |      3.7889 |      0.4147 |        4.0753 |      4.2533 |      0.3736 |        0.8136 |      0.8136 |         nan
   43 |        0.5996 |      0.5996 |         nan |        2.3275 |      5.0411 |      0.2096 |        4.6768 |      4.6679 |      0.3365 |        3.7677 |      4.7491 |      0.3413 |        2.3511 |      4.6403 |      0.3048 |        4.6239 |      3.6366 |      0.4243 |        4.1194 |      4.1082 |      0.3858 |        0.8073 |      0.8073 |         nan
   44 |        0.6048 |      0.6048 |         nan |        2.1286 |      5.1970 |      0.2178 |        4.6871 |      4.4188 |      0.3623 |        3.9052 |      4.7550 |      0.3396 |        2.5703 |      4.6344 |      0.3358 |        4.8258 |      3.9717 |      0.3951 |        3.9120 |      4.5450 |      0.3598 |        0.7909 |      0.7909 |         nan
   45 |        0.5880 |      0.5880 |         nan |        2.1534 |      5.3703 |      0.1867 |        4.2209 |      4.2797 |      0.3815 |        3.9535 |      4.7897 |      0.3350 |        2.3989 |      4.7468 |      0.2840 |        4.9316 |      3.9034 |      0.4044 |        4.1496 |      4.6240 |      0.3449 |        0.7949 |      0.7949 |         nan
   46 |        0.5857 |      0.5857 |         nan |        2.2194 |      4.8356 |      0.2519 |        4.5553 |      4.0916 |      0.3865 |        3.7905 |      4.8468 |      0.3367 |        2.4517 |      4.5377 |      0.3429 |        4.6370 |      4.0519 |      0.3824 |        3.7593 |      4.0690 |      0.3926 |        0.7830 |      0.7830 |         nan
   47 |        0.5976 |      0.5976 |         nan |        2.1573 |      4.9766 |      0.2348 |        4.6755 |      4.1917 |      0.3796 |        3.9113 |      4.7346 |      0.3404 |        2.2717 |      4.6916 |      0.3198 |        4.4911 |      3.7013 |      0.4114 |        3.9119 |      4.4668 |      0.3680 |        0.7912 |      0.7912 |         nan
   48 |        0.5953 |      0.5953 |         nan |        2.3299 |      5.0639 |      0.2241 |        4.3148 |      4.2873 |      0.3820 |        3.7938 |      4.5582 |      0.3505 |        2.3096 |      5.5116 |      0.1575 |        4.4003 |      3.8941 |      0.3972 |        3.5282 |      4.2880 |      0.3711 |        0.7828 |      0.7828 |         nan
   49 |        0.5842 |      0.5842 |         nan |        2.2124 |      4.8320 |      0.2519 |        4.2918 |      4.2873 |      0.3823 |        3.6815 |      4.7312 |      0.3343 |        2.1850 |      4.6698 |      0.2895 |        4.7718 |      4.1130 |      0.3829 |        3.7585 |      4.7377 |      0.3356 |        0.7797 |      0.7797 |         nan
   50 |        0.5764 |      0.5764 |         nan |        2.1342 |      4.8874 |      0.2464 |        4.6978 |      4.4378 |      0.3560 |        3.7515 |      4.7616 |      0.3312 |        2.3924 |      4.6612 |      0.2996 |        4.5271 |      3.8840 |      0.4110 |        3.5922 |      4.4416 |      0.3573 |        0.7749 |      0.7749 |         nan

====================================================================================================================================================================================================================================================================================================================================================================================================================================================================
Best ENCODER Model (by Loss) - Epoch: 50, Val Loss: 0.5764
Best MLP Model (by Loss) - Epoch: 9, Val Loss: 3.9433, Val R2: 0.3934
Best MLP Model (by R2) - Epoch: 9, Val R2: 0.3934 (same as best loss epoch)
Best MLP_EMBEDDING Model (by Loss) - Epoch: 16, Val Loss: 4.0436, Val R2: 0.3979
Best MLP_EMBEDDING Model (by R2) - Epoch: 27, Val Loss: 4.2176, Val R2: 0.3979
Best MLP_VAE_EMBEDDING Model (by Loss) - Epoch: 7, Val Loss: 4.3658, Val R2: 0.3790
Best MLP_VAE_EMBEDDING Model (by R2) - Epoch: 7, Val R2: 0.3790 (same as best loss epoch)
Best TABM Model (by Loss) - Epoch: 15, Val Loss: 3.7705, Val R2: 0.3954
Best TABM Model (by R2) - Epoch: 15, Val R2: 0.3954 (same as best loss epoch)
Best TABM_EMBEDDING Model (by Loss) - Epoch: 43, Val Loss: 3.6366, Val R2: 0.4243
Best TABM_EMBEDDING Model (by R2) - Epoch: 43, Val R2: 0.4243 (same as best loss epoch)
Best TABM_VAE_EMBEDDING Model (by Loss) - Epoch: 46, Val Loss: 4.0690, Val R2: 0.3926
Best TABM_VAE_EMBEDDING Model (by R2) - Epoch: 46, Val R2: 0.3926 (same as best loss epoch)
Best VAE_ENCODER Model (by Loss) - Epoch: 50, Val Loss: 0.7749
