Epoch | ENCODER Train | ENCODER Val | ENCODER R2 | MLP Train | MLP Val | MLP R2 | MLP_EMBEDDING Train | MLP_EMBEDDING Val | MLP_EMBEDDING R2 | MLP_VAE_EMBEDDING Train | MLP_VAE_EMBEDDING Val | MLP_VAE_EMBEDDING R2 | TABM Train | TABM Val | TABM R2 | TABM_EMBEDDING Train | TABM_EMBEDDING Val | TABM_EMBEDDING R2 | TABM_VAE_EMBEDDING Train | TABM_VAE_EMBEDDING Val | TABM_VAE_EMBEDDING R2 | VAE_ENCODER Train | VAE_ENCODER Val | VAE_ENCODER R2
--------------------------------------------------------------------------------------------------------------------------------------------------------------------------------------------------------------------------------------------------------------------------------------------------------------------------------------------------------------------------------------------------------------------------------------------------------------------
    1 |        1.0096 |      0.9680 |         nan |       22.4894 |     23.9126 |     -0.2899 |       21.5627 |     23.5480 |     -0.2720 |       24.0669 |     26.7030 |     -0.4521 |       26.0778 |     26.9648 |     -0.4753 |       26.0701 |     25.3930 |     -0.3803 |       25.3841 |     26.5215 |     -0.4604 |        1.0321 |      1.0269 |         nan
    2 |        0.9923 |      0.9362 |         nan |       15.6115 |     17.6827 |      0.0544 |       15.2853 |     18.8171 |     -0.0138 |       17.1023 |     18.4696 |     -0.0268 |       22.8874 |     24.5862 |     -0.3436 |       22.5367 |     20.3699 |     -0.1217 |       20.7983 |     23.7822 |     -0.3059 |        1.0132 |      1.0127 |         nan
    3 |        0.9411 |      0.8581 |         nan |       12.2032 |     15.6783 |      0.1437 |       12.3440 |     16.0426 |      0.1187 |       13.0131 |     16.1521 |      0.1040 |       21.2819 |     22.6309 |     -0.2234 |       20.4960 |     21.2252 |     -0.1673 |       19.2458 |     23.8385 |     -0.2866 |        1.0023 |      0.9970 |         nan
    4 |        0.8900 |      0.8288 |         nan |       10.5327 |     14.7476 |      0.1951 |       10.8670 |     14.5994 |      0.1886 |       10.7957 |     14.0380 |      0.2114 |       19.6057 |     22.9428 |     -0.2342 |       20.1235 |     19.5331 |     -0.0566 |       18.0139 |     25.2451 |     -0.3359 |        1.0031 |      0.9898 |         nan
    5 |        0.8575 |      0.8057 |         nan |        8.9037 |     13.4548 |      0.2631 |        9.6220 |     12.8413 |      0.2804 |        9.0539 |     11.7393 |      0.3445 |       18.2898 |     22.3737 |     -0.1944 |       18.6469 |     20.2593 |     -0.1165 |       16.8939 |     26.1054 |     -0.3734 |        0.9736 |      0.9888 |         nan
    6 |        0.8234 |      0.7694 |         nan |        8.2376 |     12.3322 |      0.3194 |        9.2111 |     11.3888 |      0.3602 |        9.0465 |     11.3987 |      0.3590 |       16.4860 |     20.7566 |     -0.0327 |       17.2549 |     18.9400 |     -0.0168 |       15.8419 |     24.2592 |     -0.2788 |        0.9522 |      0.9476 |         nan
    7 |        0.7770 |      0.7360 |         nan |        6.8171 |     11.4543 |      0.3632 |        8.5141 |     11.1114 |      0.3776 |        7.6717 |     11.1767 |      0.3755 |       16.0474 |     19.5840 |     -0.0331 |       15.7546 |     17.4749 |      0.0599 |       14.6291 |     22.3273 |     -0.1814 |        0.9235 |      0.9219 |         nan
    8 |        0.7392 |      0.7005 |         nan |        6.8967 |     11.0895 |      0.3817 |        8.0288 |     10.6016 |      0.4085 |        7.3698 |     10.3494 |      0.4213 |       14.0410 |     18.1706 |      0.0713 |       14.0592 |     17.9960 |      0.0672 |       13.3017 |     23.0219 |     -0.1719 |        0.9128 |      0.9029 |         nan
    9 |        0.6972 |      0.6629 |         nan |        7.1422 |     11.3612 |      0.3736 |        8.2637 |     10.4704 |      0.4232 |        6.7570 |     10.1820 |      0.4355 |       12.4350 |     16.9142 |      0.1672 |       13.4441 |     14.9713 |      0.2119 |       11.9775 |     19.3974 |     -0.0446 |        0.8955 |      0.8866 |         nan
   10 |        0.6540 |      0.6265 |         nan |        6.3339 |     10.8092 |      0.4029 |        7.1598 |     10.7117 |      0.3975 |        6.6933 |     10.1689 |      0.4429 |       10.8532 |     15.4960 |      0.2209 |       11.8632 |     13.8158 |      0.2812 |       10.6147 |     18.3205 |      0.0149 |        0.8835 |      0.8758 |         nan
   11 |        0.6116 |      0.5884 |         nan |        6.0040 |     10.4602 |      0.4157 |        8.0316 |     10.1375 |      0.4342 |        6.3041 |     10.0789 |      0.4429 |        9.9775 |     13.6350 |      0.2895 |       10.4047 |     13.2236 |      0.3086 |        9.2332 |     16.5305 |      0.1230 |        0.8788 |      0.8541 |         nan
   12 |        0.5798 |      0.5695 |         nan |        6.1748 |     11.1591 |      0.4009 |        7.5054 |     10.6906 |      0.4231 |        5.9715 |     10.6003 |      0.4415 |        8.7955 |     13.0660 |      0.3337 |        9.2804 |     13.1507 |      0.3292 |        8.3374 |     15.6122 |      0.1935 |        0.8763 |      0.8439 |         nan
   13 |        0.5527 |      0.5443 |         nan |        6.3407 |     10.7419 |      0.3975 |        8.0838 |     10.4113 |      0.4317 |        5.8247 |     10.4100 |      0.4461 |        7.9836 |     13.5954 |      0.3595 |        8.4675 |     11.6607 |      0.3861 |        7.2307 |     13.8012 |      0.2602 |        0.8690 |      0.8371 |         nan
   14 |        0.5308 |      0.5326 |         nan |        5.9455 |     11.6125 |      0.3948 |        7.5973 |     11.4906 |      0.4108 |        5.8099 |     10.4590 |      0.4384 |        7.2155 |     12.5494 |      0.4102 |        8.1778 |     11.8479 |      0.3815 |        6.2916 |     13.2635 |      0.3304 |        0.8597 |      0.8213 |         nan
   15 |        0.5164 |      0.5146 |         nan |        5.4780 |     11.2238 |      0.3907 |        7.9147 |     10.5120 |      0.4249 |        6.1127 |     11.1821 |      0.4097 |        6.9528 |     12.4933 |      0.4157 |        8.2699 |     14.0492 |      0.2905 |        6.3940 |     12.5468 |      0.3606 |        0.8601 |      0.8081 |         nan
   16 |        0.4972 |      0.5010 |         nan |        5.4578 |     11.6945 |      0.3483 |        7.6440 |     10.3331 |      0.4320 |        5.7237 |     12.5967 |      0.4021 |        6.8054 |     11.2842 |      0.4415 |        7.4793 |     12.0956 |      0.3735 |        5.9612 |     12.4246 |      0.3293 |        0.8581 |      0.8069 |         nan
   17 |        0.4881 |      0.4914 |         nan |        5.9697 |     11.9280 |      0.3680 |        6.9236 |     10.1864 |      0.4321 |        4.9422 |     12.4815 |      0.4001 |        6.5926 |     11.5855 |      0.4297 |        7.7240 |     10.9180 |      0.4086 |        5.5532 |     12.4549 |      0.3747 |        0.8559 |      0.8026 |         nan
   18 |        0.4743 |      0.4877 |         nan |        5.6949 |     12.2208 |      0.3592 |        6.7453 |     10.2459 |      0.4398 |        4.9869 |     11.4779 |      0.4060 |        6.6653 |     13.2258 |      0.4090 |        7.4403 |     10.8217 |      0.3985 |        5.3984 |     12.3168 |      0.3522 |        0.8625 |      0.7979 |         nan
   19 |        0.4629 |      0.4820 |         nan |        5.6871 |     12.1789 |      0.3441 |        7.5110 |     10.1399 |      0.4308 |        5.1317 |     11.6664 |      0.4089 |        6.3309 |     13.2413 |      0.3912 |        7.4847 |     10.6505 |      0.4268 |        5.2675 |     12.3722 |      0.3727 |        0.8624 |      0.7880 |         nan
   20 |        0.4543 |      0.4747 |         nan |        6.0174 |     11.2941 |      0.3821 |        6.8365 |     10.3917 |      0.4153 |        4.9301 |     11.1822 |      0.4112 |        6.8389 |     11.4024 |      0.4330 |        7.7585 |     11.4499 |      0.3963 |        5.3105 |     12.4560 |      0.3349 |        0.8773 |      0.7837 |         nan
   21 |        0.4463 |      0.4681 |         nan |        5.1656 |     11.4057 |      0.3747 |        7.1249 |     10.3953 |      0.4184 |        4.3587 |     11.8685 |      0.4113 |        6.2673 |     11.6626 |      0.4212 |        7.6638 |     10.9234 |      0.4060 |        5.4947 |     12.1231 |      0.3668 |        0.8530 |      0.7783 |         nan
   22 |        0.4392 |      0.4646 |         nan |        5.3211 |     11.9728 |      0.3699 |        6.6130 |     10.6742 |      0.4161 |        4.3091 |     11.9226 |      0.3948 |        6.2507 |     13.1546 |      0.4020 |        7.2432 |     11.0993 |      0.4088 |        4.9140 |     12.8287 |      0.3244 |        0.8521 |      0.7837 |         nan
   23 |        0.4286 |      0.4597 |         nan |        5.5235 |     11.9622 |      0.3302 |        6.3191 |     11.3487 |      0.3908 |        4.7522 |     10.8670 |      0.4163 |        5.7986 |     12.8444 |      0.4067 |        7.3755 |     11.9233 |      0.3731 |        4.2561 |     11.8651 |      0.3537 |        0.8564 |      0.7819 |         nan
   24 |        0.4279 |      0.4549 |         nan |        4.9974 |     12.2120 |      0.3553 |        6.5810 |     10.6264 |      0.4300 |        4.2003 |     10.6071 |      0.4155 |        5.8992 |     12.7214 |      0.4057 |        7.8316 |     11.1951 |      0.3973 |        4.3986 |     12.2009 |      0.3726 |        0.8486 |      0.7752 |         nan
   25 |        0.4128 |      0.4537 |         nan |        5.1134 |     11.7846 |      0.3722 |        6.5415 |     10.2244 |      0.4205 |        3.6708 |     13.8647 |      0.3755 |        6.0479 |     13.1392 |      0.4063 |        7.4232 |     11.3030 |      0.4022 |        4.7973 |     11.5058 |      0.3689 |        0.8460 |      0.7756 |         nan
   26 |        0.4067 |      0.4504 |         nan |        5.6995 |     11.5568 |      0.3670 |        6.2108 |     10.7206 |      0.4248 |        4.2105 |     10.6198 |      0.4192 |        5.5552 |     13.9061 |      0.3925 |        6.8589 |     11.4294 |      0.3956 |        4.5903 |     12.1576 |      0.3193 |        0.8438 |      0.7702 |         nan
   27 |        0.4043 |      0.4402 |         nan |        5.1272 |     12.0338 |      0.3180 |        6.6077 |     11.0239 |      0.4189 |        3.7741 |     10.5517 |      0.4376 |        5.7517 |     12.7609 |      0.4076 |        7.0372 |     10.7410 |      0.4220 |        4.3474 |     11.3698 |      0.3858 |        0.8406 |      0.7739 |         nan
   28 |        0.3907 |      0.4418 |         nan |        4.6794 |     11.9382 |      0.3434 |        6.1563 |     11.5096 |      0.3875 |        3.7894 |     10.7352 |      0.4306 |        5.5878 |     13.6271 |      0.3899 |        6.6097 |     12.0182 |      0.3804 |        4.2322 |     13.4540 |      0.3303 |        0.8416 |      0.7692 |         nan
   29 |        0.3863 |      0.4339 |         nan |        4.6119 |     12.0382 |      0.3505 |        6.6984 |     10.8120 |      0.3924 |        4.2957 |     10.8116 |      0.4259 |        6.0460 |     12.0351 |      0.4142 |        7.3418 |     10.8835 |      0.4173 |        4.1105 |     12.5085 |      0.3052 |        0.8465 |      0.7725 |         nan
   30 |        0.3816 |      0.4289 |         nan |        4.8395 |     11.6033 |      0.3517 |        6.3778 |     10.7719 |      0.4149 |        3.4936 |     10.8498 |      0.3847 |        5.4620 |     13.7177 |      0.3826 |        6.6201 |     10.7537 |      0.4146 |        3.9745 |     11.6335 |      0.3846 |        0.8324 |      0.7669 |         nan
   31 |        0.3737 |      0.4240 |         nan |        4.5137 |     11.4383 |      0.3566 |        6.7555 |     11.1607 |      0.4033 |        3.5780 |     10.7601 |      0.4424 |        5.4718 |     13.7418 |      0.3880 |        7.0591 |     11.5819 |      0.4161 |        4.2169 |     12.8560 |      0.2746 |        0.8296 |      0.7599 |         nan
   32 |        0.3691 |      0.4216 |         nan |        4.3385 |     11.5677 |      0.3531 |        6.4966 |     11.5390 |      0.4029 |        3.4674 |     10.4673 |      0.4294 |        5.7135 |     13.1249 |      0.3794 |        6.7660 |     14.9501 |      0.2820 |        3.5136 |     10.8612 |      0.4017 |        0.8288 |      0.7648 |         nan
   33 |        0.3666 |      0.4161 |         nan |        4.3536 |     11.6430 |      0.3663 |        6.5003 |     11.2871 |      0.3752 |        4.0083 |      9.8733 |      0.4315 |        5.1820 |     16.1543 |      0.3294 |        6.9028 |     11.0447 |      0.4092 |        3.8491 |     11.4985 |      0.3719 |        0.8219 |      0.7600 |         nan
   34 |        0.3595 |      0.4108 |         nan |        4.4561 |     12.0135 |      0.3500 |        6.8885 |     10.8187 |      0.4182 |        3.6558 |     10.1884 |      0.4332 |        5.0195 |     12.4028 |      0.3844 |        6.5988 |     11.7369 |      0.3833 |        4.0042 |     11.9760 |      0.3325 |        0.8262 |      0.7649 |         nan
   35 |        0.3605 |      0.4082 |         nan |        4.6676 |     12.1228 |      0.3432 |        6.5618 |     10.9819 |      0.4097 |        3.1997 |     10.5390 |      0.4220 |        4.9685 |     13.1298 |      0.3583 |        6.2402 |     13.0582 |      0.3382 |        3.6182 |     11.9889 |      0.3546 |        0.8170 |      0.7533 |         nan
   36 |        0.3534 |      0.4042 |         nan |        4.5170 |     12.2733 |      0.3207 |        6.1566 |     11.1622 |      0.3956 |        3.2671 |     10.3936 |      0.4310 |        4.7515 |     12.6453 |      0.3617 |        6.2416 |     11.4132 |      0.3939 |        3.6989 |     12.0260 |      0.3295 |        0.8182 |      0.7588 |         nan
   37 |        0.3507 |      0.3994 |         nan |        4.3080 |     12.1484 |      0.3348 |        5.5818 |     11.3818 |      0.3864 |        3.3247 |      9.8960 |      0.4282 |        4.9679 |     14.1697 |      0.3803 |        6.2997 |     12.3071 |      0.3725 |        3.5451 |     11.1740 |      0.3928 |        0.8168 |      0.7509 |         nan
   38 |        0.3455 |      0.3962 |         nan |        4.4142 |     11.9551 |      0.3413 |        5.9070 |     10.9116 |      0.3959 |        3.0795 |     10.7254 |      0.4150 |        4.9796 |     12.3082 |      0.3462 |        6.6667 |     11.6589 |      0.3904 |        3.5850 |     11.2862 |      0.3674 |        0.8137 |      0.7502 |         nan
   39 |        0.3441 |      0.3954 |         nan |        4.1248 |     12.2048 |      0.3354 |        6.2529 |     11.0396 |      0.3998 |        3.2979 |     10.3931 |      0.3992 |        4.8481 |     13.2175 |      0.3315 |        6.2052 |     11.6564 |      0.3902 |        3.7443 |     11.9249 |      0.3547 |        0.8061 |      0.7463 |         nan
   40 |        0.3424 |      0.3921 |         nan |        4.5890 |     12.0289 |      0.3399 |        6.2122 |     11.3757 |      0.3925 |        3.1731 |     10.4596 |      0.3840 |        4.4971 |     16.2635 |      0.2623 |        6.1460 |     11.9386 |      0.3841 |        3.3948 |     12.2470 |      0.3635 |        0.8071 |      0.7432 |         nan
   41 |        0.3360 |      0.3877 |         nan |        4.2633 |     12.1176 |      0.3347 |        6.1172 |     11.9326 |      0.3649 |        3.3913 |     10.7243 |      0.4338 |        4.8687 |     13.7854 |      0.3348 |        5.6145 |     12.8615 |      0.3549 |        3.4291 |     11.6815 |      0.3523 |        0.8161 |      0.7499 |         nan
   42 |        0.3328 |      0.3846 |         nan |        4.7435 |     12.5799 |      0.3231 |        5.6575 |     11.9482 |      0.3778 |        3.1396 |     10.6160 |      0.4198 |        4.8292 |     12.2512 |      0.3719 |        6.1451 |     11.4852 |      0.3955 |        3.4559 |     12.0338 |      0.3507 |        0.7983 |      0.7401 |         nan
   43 |        0.3323 |      0.3832 |         nan |        4.7363 |     12.1325 |      0.3191 |        6.0050 |     11.8016 |      0.3608 |        3.3786 |     11.4137 |      0.3941 |        4.8951 |     12.9577 |      0.3707 |        6.2246 |     14.5596 |      0.3041 |        3.3251 |     11.9322 |      0.3669 |        0.8027 |      0.7460 |         nan
   44 |        0.3229 |      0.3825 |         nan |        4.1148 |     11.8890 |      0.3306 |        5.3574 |     11.9589 |      0.3537 |        3.3133 |     14.4779 |      0.3435 |        4.6201 |     12.2628 |      0.3633 |        5.6356 |     12.1351 |      0.3881 |        3.3344 |     11.4829 |      0.3519 |        0.7955 |      0.7446 |         nan
   45 |        0.3187 |      0.3769 |         nan |        4.4607 |     12.1844 |      0.3252 |        6.2684 |     11.7301 |      0.3662 |        3.1976 |     10.8908 |      0.4140 |        4.4825 |     14.1845 |      0.3389 |        5.6554 |     11.0839 |      0.4076 |        3.4235 |     11.5917 |      0.3576 |        0.7958 |      0.7416 |         nan
   46 |        0.3164 |      0.3727 |         nan |        3.9929 |     11.9609 |      0.3277 |        5.4118 |     11.8507 |      0.3638 |        3.2996 |     10.8642 |      0.4266 |        4.1483 |     12.5314 |      0.3742 |        6.1412 |     11.2788 |      0.4037 |        3.3678 |     11.8674 |      0.3665 |        0.7976 |      0.7398 |         nan
   47 |        0.3114 |      0.3665 |         nan |        4.0164 |     12.3978 |      0.3359 |        5.4921 |     12.0562 |      0.3646 |        3.7667 |     11.6360 |      0.4085 |        4.8501 |     15.8983 |      0.3365 |        5.8189 |     11.3159 |      0.3999 |        3.1263 |     11.7311 |      0.3455 |        0.7912 |      0.7379 |         nan
   48 |        0.3087 |      0.3677 |         nan |        4.8435 |     11.9151 |      0.3449 |        5.7300 |     12.4086 |      0.3432 |        3.1722 |     11.6900 |      0.4201 |        4.2427 |     14.6511 |      0.3398 |        5.5155 |     11.4044 |      0.3918 |        3.2852 |     12.3079 |      0.3323 |        0.7915 |      0.7505 |         nan
   49 |        0.3027 |      0.3616 |         nan |        4.3076 |     11.6193 |      0.3275 |        5.1598 |     12.0959 |      0.3436 |        2.9449 |     11.4664 |      0.3924 |        4.4593 |     12.9244 |      0.3599 |        5.4949 |     12.0249 |      0.3774 |        3.0902 |     11.5886 |      0.3757 |        0.7896 |      0.7401 |         nan
   50 |        0.3012 |      0.3571 |         nan |        3.8846 |     11.5602 |      0.3419 |        5.5128 |     12.8005 |      0.3497 |        2.6400 |     11.0438 |      0.4133 |        5.2693 |     12.3929 |      0.3478 |        5.5446 |     12.7346 |      0.3636 |        3.6026 |     12.3882 |      0.3248 |        0.8026 |      0.7344 |         nan

====================================================================================================================================================================================================================================================================================================================================================================================================================================================================
Best ENCODER Model (by Loss) - Epoch: 50, Val Loss: 0.3571
Best MLP Model (by Loss) - Epoch: 11, Val Loss: 10.4602, Val R2: 0.4157
Best MLP Model (by R2) - Epoch: 11, Val R2: 0.4157 (same as best loss epoch)
Best MLP_EMBEDDING Model (by Loss) - Epoch: 11, Val Loss: 10.1375, Val R2: 0.4398
Best MLP_EMBEDDING Model (by R2) - Epoch: 18, Val Loss: 10.2459, Val R2: 0.4398
Best MLP_VAE_EMBEDDING Model (by Loss) - Epoch: 33, Val Loss: 9.8733, Val R2: 0.4461
Best MLP_VAE_EMBEDDING Model (by R2) - Epoch: 13, Val Loss: 10.4100, Val R2: 0.4461
Best TABM Model (by Loss) - Epoch: 16, Val Loss: 11.2842, Val R2: 0.4415
Best TABM Model (by R2) - Epoch: 16, Val R2: 0.4415 (same as best loss epoch)
Best TABM_EMBEDDING Model (by Loss) - Epoch: 19, Val Loss: 10.6505, Val R2: 0.4268
Best TABM_EMBEDDING Model (by R2) - Epoch: 19, Val R2: 0.4268 (same as best loss epoch)
Best TABM_VAE_EMBEDDING Model (by Loss) - Epoch: 32, Val Loss: 10.8612, Val R2: 0.4017
Best TABM_VAE_EMBEDDING Model (by R2) - Epoch: 32, Val R2: 0.4017 (same as best loss epoch)
Best VAE_ENCODER Model (by Loss) - Epoch: 50, Val Loss: 0.7344
