Epoch | ENCODER Train | ENCODER Val | ENCODER R2 | MLP Train | MLP Val | MLP R2 | MLP_EMBEDDING Train | MLP_EMBEDDING Val | MLP_EMBEDDING R2 | MLP_VAE_EMBEDDING Train | MLP_VAE_EMBEDDING Val | MLP_VAE_EMBEDDING R2 | TABM Train | TABM Val | TABM R2 | TABM_EMBEDDING Train | TABM_EMBEDDING Val | TABM_EMBEDDING R2 | TABM_VAE_EMBEDDING Train | TABM_VAE_EMBEDDING Val | TABM_VAE_EMBEDDING R2 | VAE_ENCODER Train | VAE_ENCODER Val | VAE_ENCODER R2
--------------------------------------------------------------------------------------------------------------------------------------------------------------------------------------------------------------------------------------------------------------------------------------------------------------------------------------------------------------------------------------------------------------------------------------------------------------------
    1 |        1.0178 |      0.8227 |         nan |        0.2645 |      0.0617 |     -4.6877 |        0.1608 |      0.0470 |     -3.4068 |        0.3474 |      0.0703 |     -5.2280 |        0.5614 |      0.1713 |    -13.7265 |        0.5472 |      0.1571 |    -12.4611 |        0.5254 |      0.1736 |    -13.7254 |        1.0190 |      0.8499 |         nan
    2 |        1.0305 |      0.8157 |         nan |        0.1270 |      0.0389 |     -2.7881 |        0.0987 |      0.0155 |     -0.5199 |        0.1260 |      0.0163 |     -0.5675 |        0.3727 |      0.1454 |    -11.1476 |        0.3726 |      0.1157 |     -8.8471 |        0.3490 |      0.1309 |    -10.0409 |        1.0158 |      0.8465 |         nan
    3 |        1.0240 |      0.7993 |         nan |        0.0846 |      0.0185 |     -0.7690 |        0.0825 |      0.0127 |     -0.1960 |        0.1080 |      0.0131 |     -0.2237 |        0.2815 |      0.0981 |     -7.4989 |        0.2857 |      0.1163 |     -9.0297 |        0.2650 |      0.0992 |     -7.4816 |        1.0285 |      0.8404 |         nan
    4 |        0.9704 |      0.7534 |         nan |        0.0698 |      0.0162 |     -0.5605 |        0.0634 |      0.0115 |     -0.0485 |        0.0723 |      0.0103 |      0.0415 |        0.2162 |      0.0853 |     -6.6316 |        0.2252 |      0.0957 |     -7.1822 |        0.2226 |      0.0905 |     -6.6534 |        1.0343 |      0.8350 |         nan
    5 |        0.8996 |      0.6859 |         nan |        0.0623 |      0.0128 |     -0.2233 |        0.0509 |      0.0111 |     -0.0825 |        0.0687 |      0.0116 |     -0.1093 |        0.1721 |      0.0615 |     -4.3468 |        0.1802 |      0.0613 |     -4.4713 |        0.1750 |      0.0668 |     -4.7666 |        1.0173 |      0.8325 |         nan
    6 |        0.8228 |      0.6574 |         nan |        0.0523 |      0.0119 |     -0.1632 |        0.0444 |      0.0105 |     -0.0247 |        0.0653 |      0.0118 |     -0.1010 |        0.1365 |      0.0456 |     -3.0499 |        0.1395 |      0.0382 |     -2.4565 |        0.1356 |      0.0496 |     -3.2775 |        0.9871 |      0.8160 |         nan
    7 |        0.8016 |      0.6332 |         nan |        0.0459 |      0.0130 |     -0.2792 |        0.0360 |      0.0099 |      0.0553 |        0.0597 |      0.0086 |      0.1866 |        0.1071 |      0.0239 |     -1.2029 |        0.1054 |      0.0247 |     -1.2782 |        0.1059 |      0.0340 |     -2.0097 |        0.9469 |      0.7879 |         nan
    8 |        0.7762 |      0.6000 |         nan |        0.0353 |      0.0123 |     -0.2115 |        0.0353 |      0.0105 |     -0.0146 |        0.0458 |      0.0082 |      0.2548 |        0.0831 |      0.0222 |     -1.1475 |        0.0899 |      0.0149 |     -0.4377 |        0.0848 |      0.0225 |     -1.0693 |        0.9899 |      0.7650 |         nan
    9 |        0.7409 |      0.5796 |         nan |        0.0329 |      0.0128 |     -0.2492 |        0.0287 |      0.0098 |      0.0537 |        0.0427 |      0.0085 |      0.2101 |        0.0720 |      0.0121 |     -0.1491 |        0.0681 |      0.0125 |     -0.2203 |        0.0713 |      0.0201 |     -0.8538 |        0.8896 |      0.7471 |         nan
   10 |        0.6929 |      0.5634 |         nan |        0.0299 |      0.0137 |     -0.3253 |        0.0250 |      0.0089 |      0.1467 |        0.0416 |      0.0083 |      0.2026 |        0.0586 |      0.0122 |     -0.1843 |        0.0578 |      0.0090 |      0.1119 |        0.0582 |      0.0128 |     -0.2364 |        0.9611 |      0.7387 |         nan
   11 |        0.6723 |      0.5530 |         nan |        0.0264 |      0.0119 |     -0.1458 |        0.0242 |      0.0086 |      0.1683 |        0.0376 |      0.0085 |      0.2101 |        0.0512 |      0.0101 |      0.0219 |        0.0543 |      0.0115 |     -0.1067 |        0.0525 |      0.0116 |     -0.1211 |        0.8747 |      0.7274 |         nan
   12 |        0.6516 |      0.5408 |         nan |        0.0257 |      0.0123 |     -0.2002 |        0.0206 |      0.0086 |      0.1719 |        0.0313 |      0.0079 |      0.2398 |        0.0447 |      0.0094 |      0.0755 |        0.0474 |      0.0082 |      0.1992 |        0.0464 |      0.0096 |      0.0519 |        0.8682 |      0.7206 |         nan
   13 |        0.7400 |      0.5252 |         nan |        0.0233 |      0.0120 |     -0.1468 |        0.0209 |      0.0087 |      0.1656 |        0.0292 |      0.0080 |      0.2504 |        0.0395 |      0.0093 |      0.0919 |        0.0428 |      0.0080 |      0.2217 |        0.0425 |      0.0093 |      0.0899 |        0.8694 |      0.7130 |         nan
   14 |        0.6215 |      0.5176 |         nan |        0.0231 |      0.0122 |     -0.1734 |        0.0194 |      0.0081 |      0.2144 |        0.0244 |      0.0083 |      0.2271 |        0.0375 |      0.0121 |     -0.1737 |        0.0380 |      0.0081 |      0.2260 |        0.0370 |      0.0092 |      0.0945 |        0.8588 |      0.7054 |         nan
   15 |        0.5984 |      0.5038 |         nan |        0.0217 |      0.0103 |      0.0053 |        0.0179 |      0.0080 |      0.2259 |        0.0257 |      0.0076 |      0.2578 |        0.0351 |      0.0084 |      0.1822 |        0.0347 |      0.0082 |      0.1988 |        0.0342 |      0.0080 |      0.2133 |        0.8732 |      0.7052 |         nan
   16 |        0.5842 |      0.4955 |         nan |        0.0218 |      0.0104 |     -0.0187 |        0.0162 |      0.0080 |      0.2317 |        0.0230 |      0.0073 |      0.2868 |        0.0305 |      0.0080 |      0.2182 |        0.0311 |      0.0083 |      0.1946 |        0.0312 |      0.0079 |      0.2259 |        0.8582 |      0.6973 |         nan
   17 |        0.5662 |      0.4787 |         nan |        0.0200 |      0.0101 |      0.0184 |        0.0154 |      0.0081 |      0.2100 |        0.0200 |      0.0075 |      0.2786 |        0.0293 |      0.0098 |      0.0666 |        0.0304 |      0.0081 |      0.2153 |        0.0290 |      0.0082 |      0.1948 |        0.9752 |      0.6981 |         nan
   18 |        0.5550 |      0.4716 |         nan |        0.0185 |      0.0097 |      0.0708 |        0.0148 |      0.0083 |      0.2057 |        0.0210 |      0.0076 |      0.2741 |        0.0274 |      0.0079 |      0.2338 |        0.0276 |      0.0082 |      0.2059 |        0.0263 |      0.0080 |      0.2065 |        0.9242 |      0.6930 |         nan
   19 |        0.5414 |      0.4563 |         nan |        0.0177 |      0.0104 |     -0.0013 |        0.0154 |      0.0083 |      0.1881 |        0.0225 |      0.0075 |      0.2684 |        0.0252 |      0.0083 |      0.1859 |        0.0279 |      0.0080 |      0.2302 |        0.0265 |      0.0076 |      0.2485 |        0.8927 |      0.6909 |         nan
   20 |        0.5260 |      0.4499 |         nan |        0.0156 |      0.0095 |      0.0944 |        0.0128 |      0.0081 |      0.2142 |        0.0177 |      0.0077 |      0.2472 |        0.0240 |      0.0086 |      0.1746 |        0.0258 |      0.0080 |      0.2383 |        0.0236 |      0.0090 |      0.1105 |        0.8811 |      0.6835 |         nan
   21 |        0.5110 |      0.4418 |         nan |        0.0167 |      0.0100 |      0.0612 |        0.0136 |      0.0082 |      0.2057 |        0.0183 |      0.0079 |      0.2330 |        0.0225 |      0.0080 |      0.2123 |        0.0232 |      0.0089 |      0.1531 |        0.0222 |      0.0075 |      0.2664 |        0.8784 |      0.6803 |         nan
   22 |        0.5321 |      0.4391 |         nan |        0.0142 |      0.0093 |      0.1035 |        0.0124 |      0.0083 |      0.2020 |        0.0181 |      0.0075 |      0.2652 |        0.0213 |      0.0082 |      0.2060 |        0.0230 |      0.0080 |      0.2275 |        0.0215 |      0.0077 |      0.2450 |        0.8672 |      0.6776 |         nan
   23 |        0.5017 |      0.4309 |         nan |        0.0149 |      0.0101 |      0.0377 |        0.0133 |      0.0082 |      0.2034 |        0.0160 |      0.0084 |      0.1730 |        0.0202 |      0.0080 |      0.2303 |        0.0223 |      0.0080 |      0.2193 |        0.0201 |      0.0075 |      0.2591 |        0.8734 |      0.6805 |         nan
   24 |        0.4931 |      0.4271 |         nan |        0.0138 |      0.0102 |      0.0306 |        0.0130 |      0.0081 |      0.2306 |        0.0155 |      0.0076 |      0.2588 |        0.0205 |      0.0080 |      0.2190 |        0.0196 |      0.0088 |      0.1697 |        0.0196 |      0.0077 |      0.2535 |        0.9505 |      0.6750 |         nan
   25 |        0.4901 |      0.4242 |         nan |        0.0128 |      0.0100 |      0.0508 |        0.0121 |      0.0082 |      0.2034 |        0.0137 |      0.0078 |      0.2331 |        0.0198 |      0.0083 |      0.2009 |        0.0205 |      0.0079 |      0.2333 |        0.0185 |      0.0072 |      0.2977 |        0.8591 |      0.6780 |         nan
   26 |        0.4783 |      0.4215 |         nan |        0.0127 |      0.0102 |      0.0427 |        0.0116 |      0.0080 |      0.2278 |        0.0131 |      0.0077 |      0.2481 |        0.0191 |      0.0081 |      0.2218 |        0.0195 |      0.0081 |      0.2195 |        0.0182 |      0.0076 |      0.2570 |        0.9399 |      0.6736 |         nan
   27 |        0.4852 |      0.4160 |         nan |        0.0136 |      0.0096 |      0.1074 |        0.0122 |      0.0081 |      0.2381 |        0.0136 |      0.0074 |      0.2752 |        0.0175 |      0.0077 |      0.2570 |        0.0192 |      0.0078 |      0.2426 |        0.0172 |      0.0079 |      0.2269 |        0.8722 |      0.6672 |         nan
   28 |        0.4830 |      0.4051 |         nan |        0.0136 |      0.0086 |      0.1859 |        0.0111 |      0.0078 |      0.2417 |        0.0124 |      0.0074 |      0.2791 |        0.0169 |      0.0094 |      0.0973 |        0.0186 |      0.0077 |      0.2525 |        0.0169 |      0.0081 |      0.2110 |        0.8490 |      0.6698 |         nan
   29 |        0.4657 |      0.4048 |         nan |        0.0132 |      0.0100 |      0.0521 |        0.0106 |      0.0078 |      0.2468 |        0.0134 |      0.0072 |      0.2952 |        0.0174 |      0.0077 |      0.2518 |        0.0179 |      0.0089 |      0.1610 |        0.0161 |      0.0085 |      0.1801 |        0.8858 |      0.6666 |         nan
   30 |        0.4857 |      0.3997 |         nan |        0.0129 |      0.0091 |      0.1353 |        0.0105 |      0.0077 |      0.2557 |        0.0121 |      0.0074 |      0.2742 |        0.0169 |      0.0077 |      0.2585 |        0.0172 |      0.0080 |      0.2302 |        0.0157 |      0.0076 |      0.2585 |        0.8568 |      0.6694 |         nan
   31 |        0.4489 |      0.4011 |         nan |        0.0126 |      0.0088 |      0.1836 |        0.0113 |      0.0077 |      0.2546 |        0.0120 |      0.0073 |      0.2862 |        0.0154 |      0.0076 |      0.2658 |        0.0166 |      0.0079 |      0.2424 |        0.0144 |      0.0075 |      0.2754 |        0.8429 |      0.6634 |         nan
   32 |        0.4407 |      0.3949 |         nan |        0.0121 |      0.0091 |      0.1370 |        0.0121 |      0.0078 |      0.2437 |        0.0125 |      0.0076 |      0.2556 |        0.0157 |      0.0089 |      0.1448 |        0.0166 |      0.0080 |      0.2429 |        0.0148 |      0.0072 |      0.2985 |        0.8694 |      0.6636 |         nan
   33 |        0.4495 |      0.3900 |         nan |        0.0109 |      0.0083 |      0.2166 |        0.0105 |      0.0080 |      0.2367 |        0.0123 |      0.0072 |      0.2992 |        0.0156 |      0.0077 |      0.2569 |        0.0167 |      0.0081 |      0.2303 |        0.0146 |      0.0072 |      0.3012 |        0.8418 |      0.6609 |         nan
   34 |        0.4253 |      0.3835 |         nan |        0.0123 |      0.0087 |      0.1780 |        0.0108 |      0.0078 |      0.2641 |        0.0122 |      0.0075 |      0.2654 |        0.0155 |      0.0078 |      0.2524 |        0.0168 |      0.0078 |      0.2614 |        0.0143 |      0.0071 |      0.3072 |        0.8445 |      0.6642 |         nan
   35 |        0.4188 |      0.3821 |         nan |        0.0129 |      0.0085 |      0.1884 |        0.0099 |      0.0075 |      0.2760 |        0.0110 |      0.0074 |      0.2751 |        0.0156 |      0.0078 |      0.2440 |        0.0157 |      0.0077 |      0.2557 |        0.0136 |      0.0075 |      0.2761 |        0.8466 |      0.6612 |         nan
   36 |        0.4149 |      0.3800 |         nan |        0.0118 |      0.0084 |      0.2002 |        0.0096 |      0.0075 |      0.2773 |        0.0114 |      0.0074 |      0.2733 |        0.0143 |      0.0077 |      0.2662 |        0.0155 |      0.0077 |      0.2571 |        0.0135 |      0.0072 |      0.3037 |        0.8681 |      0.6604 |         nan
   37 |        0.4170 |      0.3721 |         nan |        0.0105 |      0.0085 |      0.2092 |        0.0093 |      0.0075 |      0.2670 |        0.0108 |      0.0074 |      0.2804 |        0.0141 |      0.0077 |      0.2587 |        0.0147 |      0.0078 |      0.2561 |        0.0135 |      0.0083 |      0.2016 |        0.8629 |      0.6596 |         nan
   38 |        0.4058 |      0.3699 |         nan |        0.0103 |      0.0086 |      0.1853 |        0.0099 |      0.0075 |      0.2700 |        0.0107 |      0.0072 |      0.2960 |        0.0139 |      0.0083 |      0.2192 |        0.0145 |      0.0079 |      0.2492 |        0.0131 |      0.0071 |      0.3094 |        0.8497 |      0.6583 |         nan
   39 |        0.4077 |      0.3722 |         nan |        0.0103 |      0.0085 |      0.2141 |        0.0100 |      0.0075 |      0.2824 |        0.0110 |      0.0074 |      0.2721 |        0.0135 |      0.0075 |      0.2798 |        0.0144 |      0.0083 |      0.2281 |        0.0127 |      0.0072 |      0.3023 |        0.8500 |      0.6602 |         nan
   40 |        0.4022 |      0.3679 |         nan |        0.0103 |      0.0083 |      0.2209 |        0.0097 |      0.0075 |      0.2665 |        0.0104 |      0.0073 |      0.2962 |        0.0133 |      0.0076 |      0.2657 |        0.0143 |      0.0078 |      0.2439 |        0.0121 |      0.0071 |      0.3093 |        0.8309 |      0.6569 |         nan
   41 |        0.3877 |      0.3623 |         nan |        0.0116 |      0.0081 |      0.2341 |        0.0089 |      0.0075 |      0.2865 |        0.0107 |      0.0073 |      0.2860 |        0.0134 |      0.0078 |      0.2509 |        0.0143 |      0.0084 |      0.2181 |        0.0121 |      0.0075 |      0.2735 |        0.8409 |      0.6575 |         nan
   42 |        0.3825 |      0.3566 |         nan |        0.0098 |      0.0081 |      0.2243 |        0.0091 |      0.0074 |      0.2882 |        0.0105 |      0.0073 |      0.2899 |        0.0134 |      0.0084 |      0.2072 |        0.0141 |      0.0079 |      0.2407 |        0.0131 |      0.0073 |      0.3107 |        0.8434 |      0.6561 |         nan
   43 |        0.3770 |      0.3548 |         nan |        0.0095 |      0.0082 |      0.2287 |        0.0092 |      0.0073 |      0.2981 |        0.0108 |      0.0075 |      0.2651 |        0.0127 |      0.0074 |      0.2925 |        0.0133 |      0.0079 |      0.2454 |        0.0117 |      0.0086 |      0.1707 |        0.8360 |      0.6546 |         nan
   44 |        0.3754 |      0.3566 |         nan |        0.0094 |      0.0082 |      0.2243 |        0.0091 |      0.0074 |      0.2876 |        0.0109 |      0.0073 |      0.2846 |        0.0128 |      0.0078 |      0.2496 |        0.0130 |      0.0082 |      0.2252 |        0.0119 |      0.0072 |      0.3169 |        0.8182 |      0.6522 |         nan
   45 |        0.3726 |      0.3507 |         nan |        0.0098 |      0.0081 |      0.2313 |        0.0096 |      0.0073 |      0.2875 |        0.0095 |      0.0073 |      0.2985 |        0.0129 |      0.0074 |      0.2868 |        0.0136 |      0.0077 |      0.2537 |        0.0119 |      0.0071 |      0.3151 |        0.8467 |      0.6507 |         nan
   46 |        0.3585 |      0.3498 |         nan |        0.0095 |      0.0081 |      0.2701 |        0.0105 |      0.0075 |      0.2917 |        0.0100 |      0.0074 |      0.2867 |        0.0124 |      0.0081 |      0.2415 |        0.0128 |      0.0077 |      0.2625 |        0.0118 |      0.0079 |      0.2546 |        0.8281 |      0.6472 |         nan
   47 |        0.3540 |      0.3468 |         nan |        0.0098 |      0.0080 |      0.2571 |        0.0088 |      0.0075 |      0.2893 |        0.0101 |      0.0071 |      0.3088 |        0.0125 |      0.0074 |      0.2960 |        0.0133 |      0.0084 |      0.1827 |        0.0114 |      0.0076 |      0.2654 |        0.8498 |      0.6504 |         nan
   48 |        0.3509 |      0.3433 |         nan |        0.0105 |      0.0086 |      0.2219 |        0.0089 |      0.0073 |      0.2947 |        0.0094 |      0.0074 |      0.2781 |        0.0119 |      0.0080 |      0.2368 |        0.0128 |      0.0076 |      0.2789 |        0.0115 |      0.0073 |      0.3012 |        0.8267 |      0.6447 |         nan
   49 |        0.3472 |      0.3456 |         nan |        0.0092 |      0.0080 |      0.2396 |        0.0088 |      0.0073 |      0.2920 |        0.0099 |      0.0074 |      0.2870 |        0.0116 |      0.0075 |      0.2830 |        0.0125 |      0.0075 |      0.2833 |        0.0112 |      0.0076 |      0.2708 |        0.8339 |      0.6463 |         nan
   50 |        0.3413 |      0.3394 |         nan |        0.0110 |      0.0080 |      0.2377 |        0.0084 |      0.0073 |      0.3001 |        0.0086 |      0.0071 |      0.3056 |        0.0116 |      0.0076 |      0.2815 |        0.0121 |      0.0079 |      0.2489 |        0.0116 |      0.0080 |      0.2302 |        0.8404 |      0.6474 |         nan

====================================================================================================================================================================================================================================================================================================================================================================================================================================================================
Best ENCODER Model (by Loss) - Epoch: 50, Val Loss: 0.3394
Best MLP Model (by Loss) - Epoch: 47, Val Loss: 0.0080, Val R2: 0.2701
Best MLP Model (by R2) - Epoch: 46, Val Loss: 0.0081, Val R2: 0.2701
Best MLP_EMBEDDING Model (by Loss) - Epoch: 50, Val Loss: 0.0073, Val R2: 0.3001
Best MLP_EMBEDDING Model (by R2) - Epoch: 50, Val R2: 0.3001 (same as best loss epoch)
Best MLP_VAE_EMBEDDING Model (by Loss) - Epoch: 50, Val Loss: 0.0071, Val R2: 0.3088
Best MLP_VAE_EMBEDDING Model (by R2) - Epoch: 47, Val Loss: 0.0071, Val R2: 0.3088
Best TABM Model (by Loss) - Epoch: 47, Val Loss: 0.0074, Val R2: 0.2960
Best TABM Model (by R2) - Epoch: 47, Val R2: 0.2960 (same as best loss epoch)
Best TABM_EMBEDDING Model (by Loss) - Epoch: 49, Val Loss: 0.0075, Val R2: 0.2833
Best TABM_EMBEDDING Model (by R2) - Epoch: 49, Val R2: 0.2833 (same as best loss epoch)
Best TABM_VAE_EMBEDDING Model (by Loss) - Epoch: 34, Val Loss: 0.0071, Val R2: 0.3169
Best TABM_VAE_EMBEDDING Model (by R2) - Epoch: 44, Val Loss: 0.0072, Val R2: 0.3169
Best VAE_ENCODER Model (by Loss) - Epoch: 48, Val Loss: 0.6447
