Epoch | ENCODER Train | ENCODER Val | MLP Train | MLP Val | MLP_EMBEDDING Train | MLP_EMBEDDING Val | TABM Train | TABM Val | TABM_EMBEDDING Train | TABM_EMBEDDING Val
---------------------------------------------------------------------------------------------------------------------------------------------------------------------------------
    1 |  1860728.8065 | 1860728.8065 |        0.4948 |      0.3344 |        0.2107 |      0.1398 |        0.6119 |      0.2502 |        0.5236 |      0.2372
    2 |  1699133.9137 | 1699133.9137 |        0.3261 |      0.2044 |        0.1301 |      0.0724 |        0.4678 |      0.2388 |        0.3819 |      0.1309
    3 |   889057.4790 | 889057.4790 |        0.2359 |      0.1249 |        0.1014 |      0.0380 |        0.3910 |      0.2352 |        0.3038 |      0.1576
    4 |   604452.5811 | 604452.5811 |        0.1868 |      0.0772 |        0.0805 |      0.0244 |        0.3239 |      0.1599 |        0.2458 |      0.1464
    5 |   558782.1775 | 558782.1775 |        0.1498 |      0.0536 |        0.0735 |      0.0240 |        0.2662 |      0.1487 |        0.2036 |      0.1488
    6 |   572786.9182 | 572786.9182 |        0.1157 |      0.0404 |        0.0572 |      0.0212 |        0.2278 |      0.1096 |        0.1687 |      0.1227
    7 |   548037.8155 | 548037.8155 |        0.1203 |      0.0254 |        0.0491 |      0.0162 |        0.1869 |      0.0967 |        0.1405 |      0.1112
    8 |   521895.7243 | 521895.7243 |        0.1073 |      0.0207 |        0.0435 |      0.0156 |        0.1526 |      0.0563 |        0.1137 |      0.0840
    9 |   480900.6261 | 480900.6261 |        0.0922 |      0.0241 |        0.0468 |      0.0170 |        0.1260 |      0.0334 |        0.0943 |      0.0734
   10 |   374613.0357 | 374613.0357 |        0.0873 |      0.0256 |        0.0398 |      0.0142 |        0.1033 |      0.0273 |        0.0794 |      0.0536
   11 |   404808.2824 | 404808.2824 |        0.0699 |      0.0221 |        0.0348 |      0.0129 |        0.0848 |      0.0229 |        0.0672 |      0.0346
   12 |   190842.2638 | 190842.2638 |        0.0790 |      0.0180 |        0.0337 |      0.0120 |        0.0706 |      0.0123 |        0.0567 |      0.0226
   13 |   142858.6767 | 142858.6767 |        0.0718 |      0.0196 |        0.0343 |      0.0127 |        0.0624 |      0.0126 |        0.0487 |      0.0231
   14 |   117536.1799 | 117536.1799 |        0.0596 |      0.0195 |        0.0302 |      0.0125 |        0.0575 |      0.0132 |        0.0440 |      0.0287
   15 |   101531.7028 | 101531.7028 |        0.0597 |      0.0176 |        0.0292 |      0.0119 |        0.0488 |      0.0103 |        0.0403 |      0.0182
   16 |    90773.9153 |  90773.9153 |        0.0517 |      0.0196 |        0.0271 |      0.0125 |        0.0474 |      0.0104 |        0.0364 |      0.0300
   17 |    82484.6149 |  82484.6149 |        0.0494 |      0.0162 |        0.0247 |      0.0117 |        0.0412 |      0.0118 |        0.0346 |      0.0263
   18 |    80262.1443 |  80262.1443 |        0.0468 |      0.0145 |        0.0269 |      0.0117 |        0.0394 |      0.0109 |        0.0312 |      0.0164
   19 |    75419.7520 |  75419.7520 |        0.0456 |      0.0146 |        0.0212 |      0.0109 |        0.0346 |      0.0099 |        0.0313 |      0.0217
   20 |    74634.1216 |  74634.1216 |        0.0428 |      0.0136 |        0.0226 |      0.0104 |        0.0337 |      0.0103 |        0.0275 |      0.0138
   21 |    73851.4068 |  73851.4068 |        0.0414 |      0.0145 |        0.0213 |      0.0113 |        0.0321 |      0.0118 |        0.0260 |      0.0188
   22 |    70292.1722 |  70292.1722 |        0.0411 |      0.0158 |        0.0213 |      0.0109 |        0.0286 |      0.0105 |        0.0244 |      0.0217
   23 |    70996.8801 |  70996.8801 |        0.0385 |      0.0145 |        0.0210 |      0.0104 |        0.0270 |      0.0098 |        0.0232 |      0.0128
   24 |    67786.7913 |  67786.7913 |        0.0370 |      0.0126 |        0.0193 |      0.0107 |        0.0271 |      0.0091 |        0.0224 |      0.0160
   25 |    66388.7142 |  66388.7142 |        0.0389 |      0.0136 |        0.0206 |      0.0107 |        0.0258 |      0.0092 |        0.0208 |      0.0141
   26 |    64584.3679 |  64584.3679 |        0.0364 |      0.0134 |        0.0196 |      0.0101 |        0.0239 |      0.0096 |        0.0206 |      0.0119
   27 |    98170.0138 |  98170.0138 |        0.0326 |      0.0126 |        0.0179 |      0.0103 |        0.0232 |      0.0090 |        0.0190 |      0.0129
   28 |   100852.4165 | 100852.4165 |        0.0335 |      0.0119 |        0.0163 |      0.0100 |        0.0225 |      0.0095 |        0.0185 |      0.0145
   29 |    74495.0816 |  74495.0816 |        0.0330 |      0.0117 |        0.0161 |      0.0098 |        0.0218 |      0.0091 |        0.0181 |      0.0112
   30 |    59776.5728 |  59776.5728 |        0.0297 |      0.0111 |        0.0164 |      0.0100 |        0.0216 |      0.0094 |        0.0171 |      0.0145
   31 |    49890.2423 |  49890.2423 |        0.0285 |      0.0123 |        0.0171 |      0.0102 |        0.0213 |      0.0090 |        0.0177 |      0.0113
   32 |    45157.3183 |  45157.3183 |        0.0318 |      0.0128 |        0.0168 |      0.0098 |        0.0212 |      0.0090 |        0.0168 |      0.0115
   33 |    38924.9242 |  38924.9242 |        0.0295 |      0.0125 |        0.0168 |      0.0101 |        0.0199 |      0.0092 |        0.0164 |      0.0104
   34 |    33893.4507 |  33893.4507 |        0.0260 |      0.0123 |        0.0146 |      0.0098 |        0.0206 |      0.0093 |        0.0165 |      0.0120
   35 |    30086.1024 |  30086.1024 |        0.0267 |      0.0114 |        0.0157 |      0.0098 |        0.0189 |      0.0091 |        0.0160 |      0.0093
   36 |    23545.0077 |  23545.0077 |        0.0262 |      0.0103 |        0.0159 |      0.0098 |        0.0177 |      0.0092 |        0.0159 |      0.0100
   37 |    19118.7170 |  19118.7170 |        0.0280 |      0.0102 |        0.0136 |      0.0097 |        0.0178 |      0.0090 |        0.0152 |      0.0107
   38 |    17136.3913 |  17136.3913 |        0.0246 |      0.0113 |        0.0145 |      0.0097 |        0.0185 |      0.0103 |        0.0146 |      0.0105
   39 |    15819.9772 |  15819.9772 |        0.0250 |      0.0111 |        0.0135 |      0.0097 |        0.0174 |      0.0090 |        0.0154 |      0.0095
   40 |    15431.7453 |  15431.7453 |        0.0235 |      0.0113 |        0.0138 |      0.0094 |        0.0176 |      0.0094 |        0.0144 |      0.0103
   41 |    14695.9331 |  14695.9331 |        0.0251 |      0.0111 |        0.0127 |      0.0093 |        0.0173 |      0.0090 |        0.0146 |      0.0109
   42 |    14370.1131 |  14370.1131 |        0.0227 |      0.0109 |        0.0148 |      0.0093 |        0.0172 |      0.0090 |        0.0144 |      0.0095
   43 |    14186.2886 |  14186.2886 |        0.0220 |      0.0100 |        0.0133 |      0.0096 |        0.0167 |      0.0089 |        0.0138 |      0.0102
   44 |    14074.3740 |  14074.3740 |        0.0207 |      0.0098 |        0.0133 |      0.0094 |        0.0165 |      0.0092 |        0.0147 |      0.0095
   45 |    13541.7100 |  13541.7100 |        0.0216 |      0.0097 |        0.0127 |      0.0092 |        0.0154 |      0.0091 |        0.0137 |      0.0103
   46 |    14454.0015 |  14454.0015 |        0.0203 |      0.0100 |        0.0128 |      0.0093 |        0.0158 |      0.0092 |        0.0134 |      0.0114
   47 |    14196.6120 |  14196.6120 |        0.0196 |      0.0101 |        0.0124 |      0.0092 |        0.0158 |      0.0090 |        0.0137 |      0.0113
   48 |    13529.7849 |  13529.7849 |        0.0200 |      0.0100 |        0.0125 |      0.0091 |        0.0150 |      0.0089 |        0.0131 |      0.0105
   49 |    13423.6501 |  13423.6501 |        0.0192 |      0.0095 |        0.0122 |      0.0091 |        0.0152 |      0.0089 |        0.0135 |      0.0099
   50 |    12908.7823 |  12908.7823 |        0.0210 |      0.0097 |        0.0126 |      0.0090 |        0.0152 |      0.0091 |        0.0127 |      0.0097

=================================================================================================================================================================================
Best ENCODER Model - Epoch: 50, Val Loss: 12908.7823
Best MLP Model - Epoch: 49, Val Loss: 0.0095
Best MLP_EMBEDDING Model - Epoch: 50, Val Loss: 0.0090
Best TABM Model - Epoch: 43, Val Loss: 0.0089
Best TABM_EMBEDDING Model - Epoch: 35, Val Loss: 0.0093
