Epoch | ENCODER Train | ENCODER Val | ENCODER R2 | MLP Train | MLP Val | MLP R2 | MLP_EMBEDDING Train | MLP_EMBEDDING Val | MLP_EMBEDDING R2 | MLP_VAE_EMBEDDING Train | MLP_VAE_EMBEDDING Val | MLP_VAE_EMBEDDING R2 | TABM Train | TABM Val | TABM R2 | TABM_EMBEDDING Train | TABM_EMBEDDING Val | TABM_EMBEDDING R2 | TABM_VAE_EMBEDDING Train | TABM_VAE_EMBEDDING Val | TABM_VAE_EMBEDDING R2 | VAE_ENCODER Train | VAE_ENCODER Val | VAE_ENCODER R2
--------------------------------------------------------------------------------------------------------------------------------------------------------------------------------------------------------------------------------------------------------------------------------------------------------------------------------------------------------------------------------------------------------------------------------------------------------------------
    1 |        1.0141 |      1.0410 |         nan |       10.1586 |      8.4293 |     -0.2747 |        8.7540 |      8.0791 |     -0.2273 |       12.0295 |     10.8809 |     -0.6309 |       12.7324 |     10.3613 |     -0.5488 |       12.8059 |      7.6479 |     -0.1955 |       11.9313 |      8.7067 |     -0.3295 |        1.0196 |      1.1022 |         nan
    2 |        1.0018 |      1.0297 |         nan |        7.0077 |      6.5862 |     -0.0060 |        6.6298 |      5.2909 |      0.1656 |        8.9277 |      7.3028 |     -0.1183 |       11.2784 |      9.5236 |     -0.4286 |       11.3299 |      5.9276 |      0.0936 |       11.0584 |      8.5321 |     -0.2888 |        1.0422 |      1.0863 |         nan
    3 |        0.9875 |      0.9912 |         nan |        5.6991 |      6.2246 |      0.0781 |        5.6038 |      4.8904 |      0.2336 |        6.7862 |      5.4773 |      0.1990 |       10.4920 |      9.9981 |     -0.4812 |       10.4422 |      5.7340 |      0.1468 |       10.0670 |      8.2463 |     -0.2421 |        1.0333 |      1.0734 |         nan
    4 |        0.9340 |      0.8948 |         nan |        4.7064 |      5.0244 |      0.2387 |        5.0845 |      4.1764 |      0.3412 |        5.5071 |      5.3231 |      0.2540 |        9.9587 |      8.8154 |     -0.3165 |        9.9869 |      6.0996 |      0.1081 |        9.3439 |      7.9822 |     -0.1999 |        1.0102 |      1.0651 |         nan
    5 |        0.8674 |      0.8303 |         nan |        4.1790 |      4.7291 |      0.2858 |        5.2054 |      3.7238 |      0.4037 |        4.6208 |      3.8771 |      0.4214 |        9.1778 |      8.3749 |     -0.2552 |        9.3514 |      5.9252 |      0.1028 |        9.0503 |      8.6962 |     -0.2463 |        1.0104 |      1.0569 |         nan
    6 |        0.8099 |      0.7734 |         nan |        4.2222 |      4.7073 |      0.2828 |        4.7703 |      3.5828 |      0.4276 |        4.2195 |      4.0351 |      0.4127 |        8.5545 |      8.3138 |     -0.2297 |        8.9918 |      5.6731 |      0.1341 |        8.3565 |      8.3115 |     -0.2077 |        0.9862 |      1.0499 |         nan
    7 |        0.7634 |      0.7337 |         nan |        3.8898 |      4.2629 |      0.3434 |        4.6668 |      3.5917 |      0.4384 |        4.1947 |      3.8653 |      0.4403 |        7.9642 |      7.0999 |     -0.0623 |        8.3044 |      5.3083 |      0.2073 |        7.5456 |      8.0340 |     -0.1419 |        0.9653 |      1.0086 |         nan
    8 |        0.7286 |      0.7012 |         nan |        3.9946 |      4.3529 |      0.3459 |        4.7102 |      3.5941 |      0.4424 |        3.9830 |      3.8004 |      0.4387 |        7.2315 |      6.2902 |      0.0547 |        7.3737 |      4.5353 |      0.2900 |        6.5604 |      7.1660 |     -0.0217 |        0.9488 |      0.9749 |         nan
    9 |        0.6918 |      0.6738 |         nan |        3.5963 |      4.2630 |      0.3669 |        4.5703 |      3.3873 |      0.4648 |        3.9003 |      4.0635 |      0.4275 |        6.1181 |      5.6109 |      0.1547 |        6.6798 |      4.7622 |      0.2869 |        5.7572 |      6.9872 |      0.0203 |        0.9259 |      0.9660 |         nan
   10 |        0.6719 |      0.6528 |         nan |        3.6156 |      4.4471 |      0.3284 |        4.7320 |      3.4103 |      0.4580 |        3.6027 |      4.6648 |      0.3857 |        5.4367 |      5.0508 |      0.2206 |        6.4764 |      4.3311 |      0.3321 |        4.7915 |      6.8789 |      0.0875 |        0.9245 |      0.9608 |         nan
   11 |        0.6490 |      0.6352 |         nan |        3.2973 |      4.0621 |      0.3516 |        4.6182 |      3.5126 |      0.4517 |        3.2875 |      4.6002 |      0.3707 |        4.7041 |      4.5336 |      0.2948 |        5.4468 |      3.7766 |      0.4078 |        4.3100 |      5.4584 |      0.2242 |        0.9148 |      0.9580 |         nan
   12 |        0.6322 |      0.6243 |         nan |        3.6277 |      4.3115 |      0.3174 |        4.3005 |      3.4211 |      0.4593 |        3.4327 |      4.0781 |      0.3991 |        4.5771 |      4.4518 |      0.3140 |        4.9109 |      4.2305 |      0.3714 |        3.8334 |      5.1707 |      0.2624 |        0.9184 |      0.9501 |         nan
   13 |        0.6253 |      0.6080 |         nan |        3.2514 |      4.6957 |      0.2905 |        4.2976 |      3.3980 |      0.4678 |        3.2152 |      4.6730 |      0.3477 |        4.0788 |      4.0944 |      0.3575 |        4.9925 |      3.1717 |      0.4942 |        3.5429 |      5.5053 |      0.2620 |        0.9113 |      0.9429 |         nan
   14 |        0.5997 |      0.5966 |         nan |        3.4367 |      4.2544 |      0.3334 |        4.5898 |      3.5892 |      0.4446 |        3.0974 |      4.7452 |      0.3550 |        3.8639 |      4.0812 |      0.3687 |        4.7441 |      4.3862 |      0.3533 |        3.1738 |      5.2670 |      0.2943 |        0.9092 |      0.9355 |         nan
   15 |        0.5903 |      0.5874 |         nan |        3.3738 |      4.5540 |      0.3111 |        4.3210 |      3.6079 |      0.4403 |        2.7410 |      5.1688 |      0.3212 |        3.7694 |      4.0911 |      0.3565 |        4.6267 |      3.4591 |      0.4508 |        3.2782 |      5.2623 |      0.2953 |        0.8945 |      0.9221 |         nan
   16 |        0.5768 |      0.5733 |         nan |        2.8310 |      4.1157 |      0.3579 |        4.6795 |      3.6018 |      0.4392 |        2.9472 |      4.9433 |      0.3526 |        3.8338 |      3.9093 |      0.3850 |        4.4995 |      3.7027 |      0.4141 |        3.0141 |      4.8871 |      0.3465 |        0.8963 |      0.9158 |         nan
   17 |        0.5665 |      0.5691 |         nan |        3.0573 |      4.5924 |      0.2831 |        4.2474 |      3.6780 |      0.4372 |        2.5025 |      4.9287 |      0.3264 |        3.6057 |      4.4899 |      0.2766 |        4.5314 |      3.4019 |      0.4601 |        2.7852 |      5.1893 |      0.2918 |        0.8890 |      0.9058 |         nan
   18 |        0.5548 |      0.5553 |         nan |        2.7589 |      4.7431 |      0.2791 |        3.8511 |      3.5974 |      0.4488 |        2.6459 |      5.4718 |      0.2235 |        3.5643 |      4.3129 |      0.3234 |        4.3315 |      3.3194 |      0.4706 |        2.6041 |      5.4759 |      0.2654 |        0.9122 |      0.9020 |         nan
   19 |        0.5368 |      0.5464 |         nan |        2.8915 |      4.3641 |      0.3180 |        4.0219 |      3.7863 |      0.4332 |        2.2831 |      5.2021 |      0.2838 |        3.4087 |      4.2165 |      0.3279 |        4.3129 |      3.8500 |      0.3823 |        2.7313 |      5.3852 |      0.2474 |        0.8818 |      0.8914 |         nan
   20 |        0.5248 |      0.5363 |         nan |        3.1157 |      4.4072 |      0.3062 |        4.0308 |      4.0645 |      0.4025 |        2.1217 |      4.7465 |      0.3061 |        3.1804 |      4.9187 |      0.2039 |        4.3001 |      5.0321 |      0.2042 |        2.2842 |      5.0736 |      0.2763 |        0.8785 |      0.8787 |         nan
   21 |        0.5098 |      0.5196 |         nan |        3.0061 |      4.4870 |      0.3026 |        4.0552 |      3.8946 |      0.4231 |        2.2821 |      4.7788 |      0.3218 |        3.2360 |      3.9937 |      0.3797 |        4.1205 |      3.4461 |      0.4496 |        2.3968 |      5.0750 |      0.2732 |        0.8762 |      0.8708 |         nan
   22 |        0.4966 |      0.5168 |         nan |        2.6946 |      4.7522 |      0.2525 |        4.1816 |      4.0228 |      0.4225 |        2.3472 |      5.3949 |      0.2109 |        3.2678 |      4.6905 |      0.2635 |        4.4075 |      3.4959 |      0.4514 |        2.5278 |      5.0686 |      0.2772 |        0.8734 |      0.8605 |         nan
   23 |        0.4818 |      0.5038 |         nan |        2.8334 |      4.7754 |      0.2692 |        3.8727 |      3.4675 |      0.4638 |        2.4235 |      5.0284 |      0.2707 |        3.0598 |      4.2844 |      0.3208 |        4.3564 |      3.4184 |      0.4563 |        2.3136 |      5.5300 |      0.2188 |        0.8701 |      0.8578 |         nan
   24 |        0.4713 |      0.4911 |         nan |        2.5922 |      4.5662 |      0.2799 |        3.7293 |      3.7900 |      0.4314 |        2.0713 |      5.1437 |      0.2936 |        3.1595 |      4.9846 |      0.2160 |        4.4170 |      3.4884 |      0.4490 |        2.3262 |      5.7327 |      0.1691 |        0.8596 |      0.8462 |         nan
   25 |        0.4565 |      0.4810 |         nan |        2.7249 |      5.0508 |      0.2414 |        3.8570 |      3.8965 |      0.4172 |        2.4455 |      5.5886 |      0.1765 |        3.2278 |      4.2786 |      0.3566 |        3.9485 |      4.3314 |      0.3050 |        2.2518 |      5.7250 |      0.1849 |        0.8643 |      0.8456 |         nan
   26 |        0.4450 |      0.4710 |         nan |        3.0993 |      4.4180 |      0.3016 |        3.7852 |      3.8561 |      0.4179 |        2.0427 |      5.8110 |      0.1776 |        3.2065 |      4.4251 |      0.2975 |        3.9788 |      3.9157 |      0.3763 |        2.2579 |      5.5101 |      0.1745 |        0.8518 |      0.8332 |         nan
   27 |        0.4349 |      0.4661 |         nan |        2.9377 |      5.1163 |      0.2347 |        3.8301 |      4.2121 |      0.3936 |        2.2145 |      5.5690 |      0.2203 |        3.1169 |      4.1791 |      0.3510 |        3.9842 |      3.7213 |      0.4137 |        2.1368 |      5.5565 |      0.2146 |        0.8513 |      0.8358 |         nan
   28 |        0.4272 |      0.4609 |         nan |        2.6251 |      4.6466 |      0.2832 |        3.6719 |      4.0793 |      0.4113 |        1.8215 |      5.1729 |      0.2549 |        3.0960 |      4.1132 |      0.3610 |        4.0538 |      3.9156 |      0.3875 |        2.0300 |      5.6607 |      0.2022 |        0.8707 |      0.8236 |         nan
   29 |        0.4206 |      0.4496 |         nan |        2.6555 |      4.6921 |      0.2753 |        3.6224 |      3.7576 |      0.4341 |        2.2095 |      5.2647 |      0.1979 |        2.9390 |      4.5568 |      0.2819 |        3.8138 |      4.0653 |      0.3625 |        2.1181 |      5.4608 |      0.2094 |        0.8442 |      0.8210 |         nan
   30 |        0.4067 |      0.4414 |         nan |        2.4826 |      5.2817 |      0.2167 |        3.5114 |      3.8024 |      0.4212 |        1.9564 |      5.6314 |      0.1857 |        3.0811 |      4.3302 |      0.3258 |        4.0023 |      4.0047 |      0.3699 |        1.9182 |      5.6851 |      0.1542 |        0.8419 |      0.8208 |         nan
   31 |        0.3955 |      0.4343 |         nan |        2.9225 |      4.9103 |      0.2547 |        3.7274 |      4.2453 |      0.3813 |        1.7025 |      5.3648 |      0.2266 |        2.9911 |      4.3587 |      0.3165 |        3.7756 |      4.2875 |      0.3117 |        1.8244 |      6.0364 |      0.0906 |        0.8321 |      0.8147 |         nan
   32 |        0.3915 |      0.4284 |         nan |        2.3294 |      5.0092 |      0.2455 |        3.6121 |      4.0104 |      0.4066 |        1.7665 |      5.3506 |      0.2313 |        2.8695 |      4.5837 |      0.2752 |        3.8045 |      4.3227 |      0.3122 |        1.8333 |      5.0194 |      0.2337 |        0.8414 |      0.8108 |         nan
   33 |        0.3811 |      0.4244 |         nan |        2.4103 |      5.1420 |      0.2255 |        3.5689 |      4.2588 |      0.3789 |        1.6421 |      5.2923 |      0.2455 |        2.8681 |      4.2822 |      0.3374 |        3.4805 |      4.4516 |      0.2850 |        1.9855 |      5.4307 |      0.2136 |        0.8300 |      0.8093 |         nan
   34 |        0.3720 |      0.4119 |         nan |        2.4541 |      5.1522 |      0.2086 |        3.1499 |      4.2478 |      0.3701 |        1.6654 |      5.3837 |      0.1978 |        3.0110 |      4.3379 |      0.3317 |        3.5031 |      3.9373 |      0.3725 |        2.1159 |      5.2739 |      0.2447 |        0.8289 |      0.8030 |         nan
   35 |        0.3620 |      0.4099 |         nan |        2.7196 |      4.7558 |      0.2593 |        3.5695 |      4.1057 |      0.3955 |        1.7416 |      5.5347 |      0.2011 |        2.8574 |      4.6753 |      0.2592 |        3.5143 |      4.1071 |      0.3709 |        1.9168 |      5.5441 |      0.1900 |        0.8302 |      0.7941 |         nan
   36 |        0.3568 |      0.4018 |         nan |        2.4129 |      4.9268 |      0.2526 |        3.2939 |      4.1394 |      0.3763 |        1.6870 |      5.4839 |      0.2262 |        2.5790 |      4.7263 |      0.2830 |        3.4019 |      4.5648 |      0.2818 |        1.8700 |      5.5852 |      0.1864 |        0.8421 |      0.7913 |         nan
   37 |        0.3521 |      0.4038 |         nan |        2.4670 |      4.7022 |      0.2687 |        3.2178 |      4.4730 |      0.3398 |        1.6132 |      5.4312 |      0.1969 |        2.5767 |      4.9055 |      0.2537 |        3.4931 |      4.1842 |      0.3518 |        1.6926 |      5.3393 |      0.2180 |        0.8279 |      0.7946 |         nan
   38 |        0.3436 |      0.3936 |         nan |        2.1914 |      5.1496 |      0.2025 |        3.0182 |      4.2327 |      0.3463 |        2.1722 |      5.0514 |      0.2244 |        2.6472 |      4.6369 |      0.3098 |        3.5521 |      3.9775 |      0.3880 |        1.9667 |      5.4163 |      0.2157 |        0.8228 |      0.7864 |         nan
   39 |        0.3385 |      0.3922 |         nan |        2.3621 |      5.2947 |      0.1954 |        3.3608 |      4.0848 |      0.3810 |        1.7197 |      5.4520 |      0.1955 |        2.6726 |      4.6246 |      0.2836 |        3.5584 |      4.2138 |      0.3569 |        1.5963 |      6.0105 |      0.1275 |        0.8264 |      0.7864 |         nan
   40 |        0.3319 |      0.3822 |         nan |        2.6947 |      4.9943 |      0.2256 |        3.2949 |      4.5791 |      0.3238 |        1.8603 |      5.3951 |      0.2071 |        2.5940 |      4.6086 |      0.2985 |        3.1892 |      4.5065 |      0.2951 |        1.8349 |      5.3959 |      0.1971 |        0.8130 |      0.7807 |         nan
   41 |        0.3259 |      0.3779 |         nan |        2.1451 |      4.8893 |      0.2322 |        3.0296 |      4.3364 |      0.3550 |        1.4593 |      5.4271 |      0.1951 |        2.4960 |      5.5195 |      0.1498 |        3.3966 |      4.1367 |      0.3779 |        1.7259 |      5.5748 |      0.1895 |        0.8269 |      0.7805 |         nan
   42 |        0.3212 |      0.3703 |         nan |        2.0900 |      5.0283 |      0.2240 |        3.2139 |      4.3230 |      0.3556 |        1.8606 |      5.5200 |      0.2104 |        2.6355 |      4.6398 |      0.2841 |        3.7066 |      4.3993 |      0.3378 |        1.6703 |      5.1839 |      0.2118 |        0.8128 |      0.7772 |         nan
   43 |        0.3117 |      0.3657 |         nan |        2.2853 |      5.2021 |      0.1913 |        3.2429 |      4.3876 |      0.3609 |        1.6967 |      5.2329 |      0.2312 |        2.3712 |      4.4115 |      0.3395 |        3.1772 |      5.5855 |      0.1156 |        1.8073 |      5.6680 |      0.1598 |        0.8114 |      0.7731 |         nan
   44 |        0.3064 |      0.3588 |         nan |        2.3530 |      4.9697 |      0.2332 |        3.3961 |      4.3023 |      0.3667 |        1.5504 |      5.1007 |      0.2376 |        2.4060 |      4.7095 |      0.2798 |        2.9850 |      4.7412 |      0.2720 |        1.7229 |      5.8084 |      0.1343 |        0.8144 |      0.7728 |         nan
   45 |        0.3061 |      0.3595 |         nan |        2.3584 |      4.7851 |      0.2532 |        3.1843 |      4.3990 |      0.3623 |        1.6645 |      4.9420 |      0.2427 |        2.4432 |      4.5359 |      0.3153 |        3.1979 |      4.4384 |      0.3142 |        1.6276 |      6.1596 |      0.0578 |        0.8116 |      0.7688 |         nan
   46 |        0.2969 |      0.3515 |         nan |        2.3715 |      4.9993 |      0.2239 |        3.3822 |      4.5874 |      0.3443 |        1.3514 |      5.5633 |      0.1911 |        2.4544 |      4.6449 |      0.2937 |        3.2025 |      4.2672 |      0.3479 |        1.4941 |      6.0048 |      0.1171 |        0.8148 |      0.7671 |         nan
   47 |        0.2975 |      0.3497 |         nan |        2.2596 |      5.2606 |      0.2204 |        2.9687 |      4.6327 |      0.3462 |        1.2213 |      5.2214 |      0.2241 |        2.4265 |      4.8478 |      0.2454 |        3.2595 |      4.2329 |      0.3765 |        1.7253 |      5.3795 |      0.2098 |        0.8021 |      0.7649 |         nan
   48 |        0.2902 |      0.3517 |         nan |        2.0315 |      5.1014 |      0.2304 |        3.0068 |      4.3502 |      0.3655 |        1.4316 |      5.5658 |      0.1931 |        2.3427 |      4.9054 |      0.2580 |        3.0291 |      4.2945 |      0.3545 |        1.6266 |      5.6556 |      0.1861 |        0.8053 |      0.7595 |         nan
   49 |        0.2880 |      0.3465 |         nan |        2.0113 |      5.0613 |      0.2158 |        3.1230 |      4.5649 |      0.3460 |        1.5014 |      5.9280 |      0.1717 |        2.7035 |      4.8635 |      0.2406 |        3.0843 |      4.7879 |      0.2628 |        1.6255 |      5.8531 |      0.1338 |        0.8010 |      0.7586 |         nan
   50 |        0.2852 |      0.3435 |         nan |        2.0846 |      4.8511 |      0.2507 |        2.8159 |      4.4441 |      0.3510 |        1.3835 |      5.5993 |      0.1766 |        2.3037 |      4.6971 |      0.2632 |        2.9660 |      4.2868 |      0.3581 |        1.4921 |      5.5168 |      0.1800 |        0.8048 |      0.7541 |         nan

====================================================================================================================================================================================================================================================================================================================================================================================================================================================================
Best ENCODER Model (by Loss) - Epoch: 50, Val Loss: 0.3435
Best MLP Model (by Loss) - Epoch: 11, Val Loss: 4.0621, Val R2: 0.3669
Best MLP Model (by R2) - Epoch: 9, Val Loss: 4.2630, Val R2: 0.3669
Best MLP_EMBEDDING Model (by Loss) - Epoch: 9, Val Loss: 3.3873, Val R2: 0.4678
Best MLP_EMBEDDING Model (by R2) - Epoch: 13, Val Loss: 3.3980, Val R2: 0.4678
Best MLP_VAE_EMBEDDING Model (by Loss) - Epoch: 8, Val Loss: 3.8004, Val R2: 0.4403
Best MLP_VAE_EMBEDDING Model (by R2) - Epoch: 7, Val Loss: 3.8653, Val R2: 0.4403
Best TABM Model (by Loss) - Epoch: 16, Val Loss: 3.9093, Val R2: 0.3850
Best TABM Model (by R2) - Epoch: 16, Val R2: 0.3850 (same as best loss epoch)
Best TABM_EMBEDDING Model (by Loss) - Epoch: 13, Val Loss: 3.1717, Val R2: 0.4942
Best TABM_EMBEDDING Model (by R2) - Epoch: 13, Val R2: 0.4942 (same as best loss epoch)
Best TABM_VAE_EMBEDDING Model (by Loss) - Epoch: 16, Val Loss: 4.8871, Val R2: 0.3465
Best TABM_VAE_EMBEDDING Model (by R2) - Epoch: 16, Val R2: 0.3465 (same as best loss epoch)
Best VAE_ENCODER Model (by Loss) - Epoch: 50, Val Loss: 0.7541
