Epoch | MLP Train Loss | MLP Val Loss | TabM Train Loss | TabM Val Loss
---------------------------------------------------------------------------
    1  |        0.5385  |      0.3289 |        0.6239  |      0.3297
    2  |        0.3553  |      0.2237 |        0.4727  |      0.2817
    3  |        0.2575  |      0.1325 |        0.3779  |      0.2463
    4  |        0.1717  |      0.0777 |        0.3233  |      0.2101
    5  |        0.1448  |      0.0577 |        0.2701  |      0.1912
    6  |        0.1410  |      0.0429 |        0.2240  |      0.1370
    7  |        0.1059  |      0.0400 |        0.1886  |      0.0916
    8  |        0.1157  |      0.0282 |        0.1515  |      0.0716
    9  |        0.0934  |      0.0258 |        0.1275  |      0.0526
   10  |        0.0892  |      0.0243 |        0.0982  |      0.0356
   11  |        0.0772  |      0.0264 |        0.0849  |      0.0254
   12  |        0.0690  |      0.0222 |        0.0693  |      0.0172
   13  |        0.0671  |      0.0206 |        0.0595  |      0.0131
   14  |        0.0632  |      0.0215 |        0.0562  |      0.0115
   15  |        0.0547  |      0.0184 |        0.0487  |      0.0110
   16  |        0.0570  |      0.0169 |        0.0458  |      0.0114
   17  |        0.0541  |      0.0166 |        0.0411  |      0.0116
   18  |        0.0485  |      0.0169 |        0.0379  |      0.0101
   19  |        0.0457  |      0.0157 |        0.0354  |      0.0120
   20  |        0.0461  |      0.0154 |        0.0330  |      0.0108
   21  |        0.0423  |      0.0147 |        0.0313  |      0.0093
   22  |        0.0410  |      0.0145 |        0.0306  |      0.0106
   23  |        0.0418  |      0.0152 |        0.0284  |      0.0095
   24  |        0.0357  |      0.0148 |        0.0276  |      0.0095
   25  |        0.0373  |      0.0143 |        0.0262  |      0.0096
   26  |        0.0365  |      0.0140 |        0.0249  |      0.0105
   27  |        0.0352  |      0.0139 |        0.0245  |      0.0097
   28  |        0.0324  |      0.0129 |        0.0224  |      0.0090
   29  |        0.0313  |      0.0122 |        0.0223  |      0.0095
   30  |        0.0327  |      0.0123 |        0.0215  |      0.0089
   31  |        0.0305  |      0.0114 |        0.0204  |      0.0093
   32  |        0.0285  |      0.0110 |        0.0203  |      0.0093
   33  |        0.0275  |      0.0112 |        0.0198  |      0.0095
   34  |        0.0291  |      0.0122 |        0.0187  |      0.0097
   35  |        0.0277  |      0.0112 |        0.0183  |      0.0088
   36  |        0.0267  |      0.0111 |        0.0182  |      0.0093
   37  |        0.0278  |      0.0107 |        0.0190  |      0.0087
   38  |        0.0260  |      0.0100 |        0.0173  |      0.0088
   39  |        0.0245  |      0.0104 |        0.0176  |      0.0088
   40  |        0.0238  |      0.0103 |        0.0178  |      0.0087
   41  |        0.0239  |      0.0101 |        0.0170  |      0.0090
   42  |        0.0222  |      0.0112 |        0.0171  |      0.0089
   43  |        0.0225  |      0.0100 |        0.0165  |      0.0090
   44  |        0.0227  |      0.0097 |        0.0159  |      0.0087
   45  |        0.0205  |      0.0101 |        0.0160  |      0.0088
   46  |        0.0200  |      0.0098 |        0.0162  |      0.0087
   47  |        0.0220  |      0.0097 |        0.0159  |      0.0088
   48  |        0.0211  |      0.0098 |        0.0152  |      0.0088
   49  |        0.0212  |      0.0094 |        0.0162  |      0.0090
   50  |        0.0198  |      0.0097 |        0.0151  |      0.0089

===========================================================================
Best MLP Model - Epoch: 49, Val Loss: 0.0094
Best TabM Model - Epoch: 40, Val Loss: 0.0087
