Epoch | ENCODER Train | ENCODER Val | MLP Train | MLP Val | MLP_EMBEDDING Train | MLP_EMBEDDING Val | MLP_VAE_EMBEDDING Train | MLP_VAE_EMBEDDING Val | TABM Train | TABM Val | TABM_EMBEDDING Train | TABM_EMBEDDING Val | TABM_VAE_EMBEDDING Train | TABM_VAE_EMBEDDING Val | VAE_ENCODER Train | VAE_ENCODER Val
-----------------------------------------------------------------------------------------------------------------------------------------------------------------------------------------------------------------------------------------------------------------------------------------------------------------------------
    1 |  1853240.6190 | 1853240.6190 |        0.4896 |      0.3338 |        0.2934 |      0.3023 |        0.2102 |      0.0717 |        0.6153 |      0.2924 |        0.5762 |      0.3514 |        0.6470 |      0.2146 |        0.9976 |      0.9976
    2 |  1672222.7560 | 1672222.7560 |        0.3103 |      0.2322 |        0.1772 |      0.1364 |        0.1237 |      0.0403 |        0.4597 |      0.2771 |        0.4254 |      0.3983 |        0.4356 |      0.1680 |        0.9999 |      0.9999
    3 |   919009.5074 | 919009.5074 |        0.2260 |      0.1462 |        0.1346 |      0.0884 |        0.0775 |      0.0165 |        0.3829 |      0.2022 |        0.3472 |      0.2408 |        0.3398 |      0.1157 |        0.9892 |      0.9892
    4 |   609359.8199 | 609359.8199 |        0.2031 |      0.0931 |        0.1078 |      0.0506 |        0.0662 |      0.0125 |        0.3173 |      0.1769 |        0.2847 |      0.1640 |        0.2830 |      0.0638 |        1.0263 |      1.0263
    5 |   557526.3192 | 557526.3192 |        0.1713 |      0.0704 |        0.0914 |      0.0279 |        0.0508 |      0.0112 |        0.2767 |      0.1651 |        0.2436 |      0.1401 |        0.2362 |      0.0542 |        0.9793 |      0.9793
    6 |   544757.7003 | 544757.7003 |        0.1198 |      0.0613 |        0.0867 |      0.0375 |        0.0449 |      0.0103 |        0.2244 |      0.1485 |        0.1984 |      0.1347 |        0.1948 |      0.0614 |        0.9307 |      0.9307
    7 |   530785.1391 | 530785.1391 |        0.1080 |      0.0475 |        0.0824 |      0.0254 |        0.0367 |      0.0104 |        0.1903 |      0.0989 |        0.1676 |      0.0929 |        0.1637 |      0.0270 |        0.9033 |      0.9033
    8 |   512756.0826 | 512756.0826 |        0.0957 |      0.0374 |        0.0720 |      0.0184 |        0.0375 |      0.0099 |        0.1495 |      0.0543 |        0.1309 |      0.0909 |        0.1348 |      0.0245 |        0.8821 |      0.8821
    9 |   446700.3397 | 446700.3397 |        0.0859 |      0.0354 |        0.0750 |      0.0240 |        0.0294 |      0.0096 |        0.1271 |      0.0486 |        0.1047 |      0.0779 |        0.1109 |      0.0185 |        0.9012 |      0.9012
   10 |   315221.2040 | 315221.2040 |        0.0783 |      0.0298 |        0.0717 |      0.0205 |        0.0308 |      0.0093 |        0.1037 |      0.0312 |        0.0919 |      0.0352 |        0.0957 |      0.0130 |        0.9035 |      0.9035
   11 |   196005.1810 | 196005.1810 |        0.0832 |      0.0299 |        0.0607 |      0.0176 |        0.0250 |      0.0093 |        0.0844 |      0.0222 |        0.0762 |      0.0269 |        0.0817 |      0.0117 |        0.9021 |      0.9021
   12 |   145939.0075 | 145939.0075 |        0.0635 |      0.0278 |        0.0602 |      0.0179 |        0.0248 |      0.0091 |        0.0724 |      0.0176 |        0.0626 |      0.0203 |        0.0693 |      0.0126 |        0.8946 |      0.8946
   13 |   109319.6419 | 109319.6419 |        0.0688 |      0.0246 |        0.0569 |      0.0152 |        0.0229 |      0.0095 |        0.0613 |      0.0122 |        0.0593 |      0.0229 |        0.0630 |      0.0122 |        0.9164 |      0.9164
   14 |    90527.1871 |  90527.1871 |        0.0556 |      0.0249 |        0.0480 |      0.0167 |        0.0233 |      0.0092 |        0.0545 |      0.0130 |        0.0505 |      0.0138 |        0.0553 |      0.0135 |        0.9104 |      0.9104
   15 |    84958.3881 |  84958.3881 |        0.0601 |      0.0219 |        0.0451 |      0.0160 |        0.0216 |      0.0091 |        0.0485 |      0.0114 |        0.0441 |      0.0190 |        0.0498 |      0.0096 |        0.8940 |      0.8940
   16 |    76639.0573 |  76639.0573 |        0.0582 |      0.0214 |        0.0443 |      0.0160 |        0.0210 |      0.0092 |        0.0458 |      0.0112 |        0.0412 |      0.0116 |        0.0469 |      0.0103 |        0.8883 |      0.8883
   17 |    74167.3444 |  74167.3444 |        0.0504 |      0.0179 |        0.0450 |      0.0141 |        0.0175 |      0.0090 |        0.0424 |      0.0103 |        0.0376 |      0.0116 |        0.0433 |      0.0123 |        0.9373 |      0.9373
   18 |    73575.1976 |  73575.1976 |        0.0498 |      0.0182 |        0.0400 |      0.0160 |        0.0176 |      0.0091 |        0.0404 |      0.0109 |        0.0359 |      0.0119 |        0.0411 |      0.0110 |        0.8797 |      0.8797
   19 |    70412.9017 |  70412.9017 |        0.0447 |      0.0181 |        0.0479 |      0.0163 |        0.0179 |      0.0092 |        0.0367 |      0.0095 |        0.0332 |      0.0119 |        0.0374 |      0.0094 |        0.8741 |      0.8741
   20 |    65452.7734 |  65452.7734 |        0.0437 |      0.0163 |        0.0402 |      0.0139 |        0.0177 |      0.0090 |        0.0331 |      0.0100 |        0.0310 |      0.0123 |        0.0348 |      0.0096 |        0.9006 |      0.9006
   21 |    63711.5619 |  63711.5619 |        0.0418 |      0.0141 |        0.0391 |      0.0151 |        0.0161 |      0.0091 |        0.0323 |      0.0093 |        0.0293 |      0.0129 |        0.0304 |      0.0097 |        0.8791 |      0.8791
   22 |    60290.1535 |  60290.1535 |        0.0443 |      0.0147 |        0.0373 |      0.0138 |        0.0147 |      0.0091 |        0.0295 |      0.0093 |        0.0277 |      0.0104 |        0.0293 |      0.0093 |        0.8846 |      0.8846
   23 |    52705.6241 |  52705.6241 |        0.0367 |      0.0141 |        0.0377 |      0.0142 |        0.0148 |      0.0091 |        0.0281 |      0.0117 |        0.0263 |      0.0114 |        0.0290 |      0.0125 |        0.8704 |      0.8704
   24 |    48089.4946 |  48089.4946 |        0.0375 |      0.0138 |        0.0396 |      0.0132 |        0.0146 |      0.0091 |        0.0253 |      0.0094 |        0.0255 |      0.0101 |        0.0264 |      0.0104 |        0.8647 |      0.8647
   25 |    38560.4404 |  38560.4404 |        0.0344 |      0.0132 |        0.0377 |      0.0126 |        0.0150 |      0.0090 |        0.0255 |      0.0100 |        0.0244 |      0.0101 |        0.0259 |      0.0096 |        0.8772 |      0.8772
   26 |    32440.1093 |  32440.1093 |        0.0406 |      0.0128 |        0.0344 |      0.0141 |        0.0136 |      0.0090 |        0.0259 |      0.0092 |        0.0236 |      0.0110 |        0.0251 |      0.0096 |        0.8804 |      0.8804
   27 |    23905.7643 |  23905.7643 |        0.0327 |      0.0130 |        0.0327 |      0.0137 |        0.0132 |      0.0089 |        0.0229 |      0.0092 |        0.0230 |      0.0110 |        0.0243 |      0.0120 |        0.8731 |      0.8731
   28 |    17947.1059 |  17947.1059 |        0.0328 |      0.0121 |        0.0314 |      0.0132 |        0.0141 |      0.0091 |        0.0227 |      0.0092 |        0.0218 |      0.0107 |        0.0237 |      0.0094 |        0.8925 |      0.8925
   29 |    16064.5563 |  16064.5563 |        0.0344 |      0.0114 |        0.0296 |      0.0129 |        0.0134 |      0.0090 |        0.0220 |      0.0091 |        0.0208 |      0.0097 |        0.0219 |      0.0094 |        0.9007 |      0.9007
   30 |    15330.8930 |  15330.8930 |        0.0276 |      0.0116 |        0.0344 |      0.0121 |        0.0130 |      0.0089 |        0.0214 |      0.0093 |        0.0205 |      0.0092 |        0.0215 |      0.0095 |        0.8773 |      0.8773
   31 |    14872.7897 |  14872.7897 |        0.0271 |      0.0114 |        0.0320 |      0.0127 |        0.0124 |      0.0089 |        0.0210 |      0.0091 |        0.0198 |      0.0114 |        0.0214 |      0.0096 |        0.8711 |      0.8711
   32 |    14402.7297 |  14402.7297 |        0.0291 |      0.0118 |        0.0287 |      0.0128 |        0.0131 |      0.0089 |        0.0199 |      0.0089 |        0.0200 |      0.0098 |        0.0196 |      0.0091 |        0.8734 |      0.8734
   33 |    13939.3834 |  13939.3834 |        0.0257 |      0.0115 |        0.0310 |      0.0129 |        0.0133 |      0.0090 |        0.0195 |      0.0090 |        0.0193 |      0.0103 |        0.0198 |      0.0092 |        0.9091 |      0.9091
   34 |    14244.1113 |  14244.1113 |        0.0268 |      0.0107 |        0.0262 |      0.0115 |        0.0127 |      0.0089 |        0.0200 |      0.0091 |        0.0183 |      0.0105 |        0.0193 |      0.0096 |        0.9454 |      0.9454
   35 |    13943.8453 |  13943.8453 |        0.0272 |      0.0106 |        0.0266 |      0.0124 |        0.0115 |      0.0089 |        0.0191 |      0.0101 |        0.0178 |      0.0116 |        0.0189 |      0.0104 |        0.8700 |      0.8700
   36 |    13888.8070 |  13888.8070 |        0.0242 |      0.0108 |        0.0269 |      0.0123 |        0.0117 |      0.0089 |        0.0186 |      0.0092 |        0.0186 |      0.0105 |        0.0179 |      0.0092 |        0.8682 |      0.8682
   37 |    13693.7074 |  13693.7074 |        0.0247 |      0.0109 |        0.0268 |      0.0125 |        0.0121 |      0.0089 |        0.0181 |      0.0096 |        0.0174 |      0.0108 |        0.0181 |      0.0094 |        0.8973 |      0.8973
   38 |    13461.6491 |  13461.6491 |        0.0255 |      0.0112 |        0.0299 |      0.0120 |        0.0117 |      0.0089 |        0.0180 |      0.0089 |        0.0170 |      0.0104 |        0.0177 |      0.0092 |        0.9206 |      0.9206
   39 |    13491.3543 |  13491.3543 |        0.0244 |      0.0114 |        0.0277 |      0.0122 |        0.0122 |      0.0089 |        0.0180 |      0.0093 |        0.0169 |      0.0117 |        0.0170 |      0.0090 |        0.9329 |      0.9329
   40 |    13808.1596 |  13808.1596 |        0.0243 |      0.0103 |        0.0249 |      0.0109 |        0.0122 |      0.0089 |        0.0170 |      0.0088 |        0.0163 |      0.0109 |        0.0169 |      0.0100 |        0.8606 |      0.8606
   41 |    13366.2542 |  13366.2542 |        0.0219 |      0.0101 |        0.0272 |      0.0112 |        0.0129 |      0.0090 |        0.0176 |      0.0093 |        0.0161 |      0.0113 |        0.0177 |      0.0096 |        0.8874 |      0.8874
   42 |    25538.5045 |  25538.5045 |        0.0259 |      0.0113 |        0.0216 |      0.0103 |        0.0117 |      0.0090 |        0.0164 |      0.0091 |        0.0160 |      0.0106 |        0.0158 |      0.0091 |        0.9046 |      0.9046
   43 |    13115.4958 |  13115.4958 |        0.0202 |      0.0108 |        0.0228 |      0.0109 |        0.0126 |      0.0090 |        0.0166 |      0.0089 |        0.0155 |      0.0098 |        0.0158 |      0.0098 |        0.8568 |      0.8568
   44 |    13027.2649 |  13027.2649 |        0.0197 |      0.0102 |        0.0223 |      0.0112 |        0.0114 |      0.0090 |        0.0160 |      0.0091 |        0.0161 |      0.0095 |        0.0154 |      0.0094 |        0.8953 |      0.8953
   45 |    13148.2417 |  13148.2417 |        0.0217 |      0.0103 |        0.0200 |      0.0112 |        0.0122 |      0.0090 |        0.0159 |      0.0090 |        0.0154 |      0.0102 |        0.0162 |      0.0095 |        0.8703 |      0.8703
   46 |    13220.8196 |  13220.8196 |        0.0220 |      0.0108 |        0.0228 |      0.0113 |        0.0112 |      0.0090 |        0.0161 |      0.0087 |        0.0151 |      0.0112 |        0.0149 |      0.0095 |        0.8529 |      0.8529
   47 |    12497.5328 |  12497.5328 |        0.0192 |      0.0100 |        0.0226 |      0.0110 |        0.0112 |      0.0090 |        0.0157 |      0.0089 |        0.0149 |      0.0097 |        0.0147 |      0.0106 |        0.8719 |      0.8719
   48 |    13367.0507 |  13367.0507 |        0.0199 |      0.0098 |        0.0201 |      0.0104 |        0.0110 |      0.0089 |        0.0153 |      0.0093 |        0.0145 |      0.0094 |        0.0149 |      0.0092 |        0.8822 |      0.8822
   49 |    13188.2528 |  13188.2528 |        0.0191 |      0.0096 |        0.0216 |      0.0101 |        0.0107 |      0.0089 |        0.0147 |      0.0091 |        0.0146 |      0.0101 |        0.0154 |      0.0098 |        0.8621 |      0.8621
   50 |    12636.4118 |  12636.4118 |        0.0181 |      0.0099 |        0.0217 |      0.0103 |        0.0118 |      0.0089 |        0.0148 |      0.0087 |        0.0148 |      0.0103 |        0.0148 |      0.0094 |        0.8630 |      0.8630

=============================================================================================================================================================================================================================================================================================================================
Best ENCODER Model - Epoch: 47, Val Loss: 12497.5328
Best MLP Model - Epoch: 49, Val Loss: 0.0096
Best MLP_EMBEDDING Model - Epoch: 49, Val Loss: 0.0101
Best MLP_VAE_EMBEDDING Model - Epoch: 36, Val Loss: 0.0089
Best TABM Model - Epoch: 46, Val Loss: 0.0087
Best TABM_EMBEDDING Model - Epoch: 30, Val Loss: 0.0092
Best TABM_VAE_EMBEDDING Model - Epoch: 39, Val Loss: 0.0090
Best VAE_ENCODER Model - Epoch: 46, Val Loss: 0.8529
