Epoch | MLP Train Loss | MLP Val Loss | TabM Train Loss | TabM Val Loss
---------------------------------------------------------------------------
    1  |        0.5062  |      0.3447 |        0.5621  |      0.2476
    2  |        0.3608  |      0.2383 |        0.4050  |      0.2238
    3  |        0.2400  |      0.1607 |        0.3149  |      0.1942
    4  |        0.1796  |      0.0940 |        0.2479  |      0.1815
    5  |        0.1532  |      0.0521 |        0.2019  |      0.1270
    6  |        0.1205  |      0.0342 |        0.1582  |      0.0598
    7  |        0.1234  |      0.0269 |        0.1246  |      0.0534
    8  |        0.0997  |      0.0318 |        0.1026  |      0.0483
    9  |        0.0917  |      0.0262 |        0.0815  |      0.0295
   10  |        0.0894  |      0.0249 |        0.0696  |      0.0215
   11  |        0.0715  |      0.0233 |        0.0630  |      0.0187
   12  |        0.0677  |      0.0231 |        0.0545  |      0.0261
   13  |        0.0731  |      0.0196 |        0.0483  |      0.0207
   14  |        0.0649  |      0.0182 |        0.0428  |      0.0171
   15  |        0.0611  |      0.0191 |        0.0410  |      0.0205
   16  |        0.0562  |      0.0185 |        0.0366  |      0.0158
   17  |        0.0517  |      0.0172 |        0.0346  |      0.0144
   18  |        0.0537  |      0.0175 |        0.0322  |      0.0157
   19  |        0.0472  |      0.0179 |        0.0289  |      0.0150
   20  |        0.0452  |      0.0168 |        0.0273  |      0.0117
   21  |        0.0426  |      0.0174 |        0.0263  |      0.0115
   22  |        0.0438  |      0.0163 |        0.0254  |      0.0094
   23  |        0.0418  |      0.0142 |        0.0240  |      0.0103
   24  |        0.0420  |      0.0151 |        0.0230  |      0.0140
   25  |        0.0376  |      0.0154 |        0.0223  |      0.0135
   26  |        0.0358  |      0.0143 |        0.0207  |      0.0099
   27  |        0.0374  |      0.0133 |        0.0200  |      0.0103
   28  |        0.0348  |      0.0128 |        0.0194  |      0.0090
   29  |        0.0339  |      0.0143 |        0.0198  |      0.0094
   30  |        0.0319  |      0.0122 |        0.0183  |      0.0092
   31  |        0.0308  |      0.0134 |        0.0185  |      0.0087
   32  |        0.0318  |      0.0118 |        0.0176  |      0.0096
   33  |        0.0299  |      0.0122 |        0.0177  |      0.0094
   34  |        0.0264  |      0.0113 |        0.0172  |      0.0095
   35  |        0.0272  |      0.0116 |        0.0168  |      0.0102
   36  |        0.0286  |      0.0113 |        0.0166  |      0.0092
   37  |        0.0259  |      0.0113 |        0.0166  |      0.0092
   38  |        0.0264  |      0.0112 |        0.0162  |      0.0091
   39  |        0.0241  |      0.0115 |        0.0157  |      0.0090
   40  |        0.0238  |      0.0099 |        0.0155  |      0.0094
   41  |        0.0252  |      0.0107 |        0.0163  |      0.0093
   42  |        0.0225  |      0.0112 |        0.0151  |      0.0089
   43  |        0.0224  |      0.0104 |        0.0153  |      0.0090
   44  |        0.0212  |      0.0100 |        0.0145  |      0.0090
   45  |        0.0227  |      0.0104 |        0.0146  |      0.0090
   46  |        0.0213  |      0.0103 |        0.0142  |      0.0088
   47  |        0.0201  |      0.0098 |        0.0139  |      0.0087
   48  |        0.0212  |      0.0098 |        0.0144  |      0.0100
   49  |        0.0191  |      0.0102 |        0.0141  |      0.0091
   50  |        0.0201  |      0.0100 |        0.0140  |      0.0089

===========================================================================
Best MLP Model - Epoch: 48, Val Loss: 0.0098
Best TabM Model - Epoch: 47, Val Loss: 0.0087
