Epoch | ENCODER Train | ENCODER Val | ENCODER R2 | MLP Train | MLP Val | MLP R2 | MLP_EMBEDDING Train | MLP_EMBEDDING Val | MLP_EMBEDDING R2 | MLP_VAE_EMBEDDING Train | MLP_VAE_EMBEDDING Val | MLP_VAE_EMBEDDING R2 | TABM Train | TABM Val | TABM R2 | TABM_EMBEDDING Train | TABM_EMBEDDING Val | TABM_EMBEDDING R2 | TABM_VAE_EMBEDDING Train | TABM_VAE_EMBEDDING Val | TABM_VAE_EMBEDDING R2 | VAE_ENCODER Train | VAE_ENCODER Val | VAE_ENCODER R2
--------------------------------------------------------------------------------------------------------------------------------------------------------------------------------------------------------------------------------------------------------------------------------------------------------------------------------------------------------------------------------------------------------------------------------------------------------------------
    1 |  1853240.6190 | 1853240.6190 |         nan |        0.4896 |      0.3338 |    -26.3616 |        0.2934 |      0.3023 |    -23.8995 |        0.2102 |      0.0717 |     -5.3134 |        0.6153 |      0.2924 |    -24.0556 |        0.5762 |      0.3514 |    -28.5482 |        0.6470 |      0.2146 |    -16.7878 |        0.9976 |      0.9976 |         nan
    2 |  1672222.7560 | 1672222.7560 |         nan |        0.3103 |      0.2322 |    -17.3836 |        0.1772 |      0.1364 |     -9.4753 |        0.1237 |      0.0403 |     -2.6581 |        0.4597 |      0.2771 |    -23.0990 |        0.4254 |      0.3983 |    -32.2870 |        0.4356 |      0.1680 |    -13.3577 |        0.9999 |      0.9999 |         nan
    3 |   919009.5074 | 919009.5074 |         nan |        0.2260 |      0.1462 |    -10.3185 |        0.1346 |      0.0884 |     -5.5721 |        0.0775 |      0.0165 |     -0.5334 |        0.3829 |      0.2022 |    -16.6141 |        0.3472 |      0.2408 |    -19.3805 |        0.3398 |      0.1157 |     -8.9886 |        0.9892 |      0.9892 |         nan
    4 |   609359.8199 | 609359.8199 |         nan |        0.2031 |      0.0931 |     -5.9093 |        0.1078 |      0.0506 |     -3.2339 |        0.0662 |      0.0125 |     -0.1830 |        0.3173 |      0.1769 |    -14.4650 |        0.2847 |      0.1640 |    -13.0145 |        0.2830 |      0.0638 |     -4.3967 |        1.0263 |      1.0263 |         nan
    5 |   557526.3192 | 557526.3192 |         nan |        0.1713 |      0.0704 |     -4.1110 |        0.0914 |      0.0279 |     -1.5184 |        0.0508 |      0.0112 |     -0.0684 |        0.2767 |      0.1651 |    -13.2654 |        0.2436 |      0.1401 |    -11.0226 |        0.2362 |      0.0542 |     -3.6974 |        0.9793 |      0.9793 |         nan
    6 |   544757.7003 | 544757.7003 |         nan |        0.1198 |      0.0613 |     -3.4477 |        0.0867 |      0.0375 |     -2.1813 |        0.0449 |      0.0103 |      0.0018 |        0.2244 |      0.1485 |    -11.6301 |        0.1984 |      0.1347 |    -10.5069 |        0.1948 |      0.0614 |     -4.1471 |        0.9307 |      0.9307 |         nan
    7 |   530785.1391 | 530785.1391 |         nan |        0.1080 |      0.0475 |     -2.3015 |        0.0824 |      0.0254 |     -1.1649 |        0.0367 |      0.0104 |      0.0047 |        0.1903 |      0.0989 |     -7.6247 |        0.1676 |      0.0929 |     -6.9064 |        0.1637 |      0.0270 |     -1.3645 |        0.9033 |      0.9033 |         nan
    8 |   512756.0826 | 512756.0826 |         nan |        0.0957 |      0.0374 |     -1.5665 |        0.0720 |      0.0184 |     -0.6681 |        0.0375 |      0.0099 |      0.0443 |        0.1495 |      0.0543 |     -3.9125 |        0.1309 |      0.0909 |     -6.7412 |        0.1348 |      0.0245 |     -1.1504 |        0.8821 |      0.8821 |         nan
    9 |   446700.3397 | 446700.3397 |         nan |        0.0859 |      0.0354 |     -1.4805 |        0.0750 |      0.0240 |     -1.1719 |        0.0294 |      0.0096 |      0.0669 |        0.1271 |      0.0486 |     -3.3841 |        0.1047 |      0.0779 |     -5.6770 |        0.1109 |      0.0185 |     -0.5774 |        0.9012 |      0.9012 |         nan
   10 |   315221.2040 | 315221.2040 |         nan |        0.0783 |      0.0298 |     -1.2195 |        0.0717 |      0.0205 |     -0.8548 |        0.0308 |      0.0093 |      0.0851 |        0.1037 |      0.0312 |     -1.9146 |        0.0919 |      0.0352 |     -2.1402 |        0.0957 |      0.0130 |     -0.1876 |        0.9035 |      0.9035 |         nan
   11 |   196005.1810 | 196005.1810 |         nan |        0.0832 |      0.0299 |     -1.2458 |        0.0607 |      0.0176 |     -0.6519 |        0.0250 |      0.0093 |      0.0878 |        0.0844 |      0.0222 |     -1.0561 |        0.0762 |      0.0269 |     -1.4317 |        0.0817 |      0.0117 |     -0.1243 |        0.9021 |      0.9021 |         nan
   12 |   145939.0075 | 145939.0075 |         nan |        0.0635 |      0.0278 |     -1.0878 |        0.0602 |      0.0179 |     -0.6492 |        0.0248 |      0.0091 |      0.1072 |        0.0724 |      0.0176 |     -0.6665 |        0.0626 |      0.0203 |     -0.8510 |        0.0693 |      0.0126 |     -0.1548 |        0.8946 |      0.8946 |         nan
   13 |   109319.6419 | 109319.6419 |         nan |        0.0688 |      0.0246 |     -0.9386 |        0.0569 |      0.0152 |     -0.4788 |        0.0229 |      0.0095 |      0.0700 |        0.0613 |      0.0122 |     -0.1730 |        0.0593 |      0.0229 |     -1.0607 |        0.0630 |      0.0122 |     -0.2073 |        0.9164 |      0.9164 |         nan
   14 |    90527.1871 |  90527.1871 |         nan |        0.0556 |      0.0249 |     -0.9469 |        0.0480 |      0.0167 |     -0.5960 |        0.0233 |      0.0092 |      0.0926 |        0.0545 |      0.0130 |     -0.2492 |        0.0505 |      0.0138 |     -0.3047 |        0.0553 |      0.0135 |     -0.1995 |        0.9104 |      0.9104 |         nan
   15 |    84958.3881 |  84958.3881 |         nan |        0.0601 |      0.0219 |     -0.7538 |        0.0451 |      0.0160 |     -0.5146 |        0.0216 |      0.0091 |      0.0972 |        0.0485 |      0.0114 |     -0.0999 |        0.0441 |      0.0190 |     -0.7626 |        0.0498 |      0.0096 |      0.0602 |        0.8940 |      0.8940 |         nan
   16 |    76639.0573 |  76639.0573 |         nan |        0.0582 |      0.0214 |     -0.7257 |        0.0443 |      0.0160 |     -0.5148 |        0.0210 |      0.0092 |      0.0901 |        0.0458 |      0.0112 |     -0.0452 |        0.0412 |      0.0116 |     -0.1261 |        0.0469 |      0.0103 |      0.0078 |        0.8883 |      0.8883 |         nan
   17 |    74167.3444 |  74167.3444 |         nan |        0.0504 |      0.0179 |     -0.5704 |        0.0450 |      0.0141 |     -0.3267 |        0.0175 |      0.0090 |      0.1127 |        0.0424 |      0.0103 |     -0.0091 |        0.0376 |      0.0116 |     -0.1217 |        0.0433 |      0.0123 |     -0.1791 |        0.9373 |      0.9373 |         nan
   18 |    73575.1976 |  73575.1976 |         nan |        0.0498 |      0.0182 |     -0.5962 |        0.0400 |      0.0160 |     -0.4579 |        0.0176 |      0.0091 |      0.1045 |        0.0404 |      0.0109 |     -0.0675 |        0.0359 |      0.0119 |     -0.1468 |        0.0411 |      0.0110 |     -0.0753 |        0.8797 |      0.8797 |         nan
   19 |    70412.9017 |  70412.9017 |         nan |        0.0447 |      0.0181 |     -0.5729 |        0.0479 |      0.0163 |     -0.5139 |        0.0179 |      0.0092 |      0.0962 |        0.0367 |      0.0095 |      0.0738 |        0.0332 |      0.0119 |     -0.1466 |        0.0374 |      0.0094 |      0.0727 |        0.8741 |      0.8741 |         nan
   20 |    65452.7734 |  65452.7734 |         nan |        0.0437 |      0.0163 |     -0.4685 |        0.0402 |      0.0139 |     -0.3148 |        0.0177 |      0.0090 |      0.1103 |        0.0331 |      0.0100 |      0.1132 |        0.0310 |      0.0123 |     -0.1705 |        0.0348 |      0.0096 |      0.0630 |        0.9006 |      0.9006 |         nan
   21 |    63711.5619 |  63711.5619 |         nan |        0.0418 |      0.0141 |     -0.2650 |        0.0391 |      0.0151 |     -0.4181 |        0.0161 |      0.0091 |      0.0997 |        0.0323 |      0.0093 |      0.1171 |        0.0293 |      0.0129 |     -0.2285 |        0.0304 |      0.0097 |      0.0500 |        0.8791 |      0.8791 |         nan
   22 |    60290.1535 |  60290.1535 |         nan |        0.0443 |      0.0147 |     -0.3209 |        0.0373 |      0.0138 |     -0.3187 |        0.0147 |      0.0091 |      0.1016 |        0.0295 |      0.0093 |      0.1373 |        0.0277 |      0.0104 |     -0.0237 |        0.0293 |      0.0093 |      0.0898 |        0.8846 |      0.8846 |         nan
   23 |    52705.6241 |  52705.6241 |         nan |        0.0367 |      0.0141 |     -0.2675 |        0.0377 |      0.0142 |     -0.3454 |        0.0148 |      0.0091 |      0.1025 |        0.0281 |      0.0117 |      0.0235 |        0.0263 |      0.0114 |     -0.0962 |        0.0290 |      0.0125 |     -0.2245 |        0.8704 |      0.8704 |         nan
   24 |    48089.4946 |  48089.4946 |         nan |        0.0375 |      0.0138 |     -0.2669 |        0.0396 |      0.0132 |     -0.2866 |        0.0146 |      0.0091 |      0.1032 |        0.0253 |      0.0094 |      0.1290 |        0.0255 |      0.0101 |      0.0099 |        0.0264 |      0.0104 |     -0.0250 |        0.8647 |      0.8647 |         nan
   25 |    38560.4404 |  38560.4404 |         nan |        0.0344 |      0.0132 |     -0.2400 |        0.0377 |      0.0126 |     -0.2400 |        0.0150 |      0.0090 |      0.1142 |        0.0255 |      0.0100 |      0.0297 |        0.0244 |      0.0101 |      0.0201 |        0.0259 |      0.0096 |      0.0659 |        0.8772 |      0.8772 |         nan
   26 |    32440.1093 |  32440.1093 |         nan |        0.0406 |      0.0128 |     -0.2003 |        0.0344 |      0.0141 |     -0.3803 |        0.0136 |      0.0090 |      0.1091 |        0.0259 |      0.0092 |      0.1205 |        0.0236 |      0.0110 |     -0.0633 |        0.0251 |      0.0096 |      0.0560 |        0.8804 |      0.8804 |         nan
   27 |    23905.7643 |  23905.7643 |         nan |        0.0327 |      0.0130 |     -0.2253 |        0.0327 |      0.0137 |     -0.3352 |        0.0132 |      0.0089 |      0.1192 |        0.0229 |      0.0092 |      0.1395 |        0.0230 |      0.0110 |     -0.0620 |        0.0243 |      0.0120 |     -0.1677 |        0.8731 |      0.8731 |         nan
   28 |    17947.1059 |  17947.1059 |         nan |        0.0328 |      0.0121 |     -0.1419 |        0.0314 |      0.0132 |     -0.2875 |        0.0141 |      0.0091 |      0.1092 |        0.0227 |      0.0092 |      0.1501 |        0.0218 |      0.0107 |     -0.0405 |        0.0237 |      0.0094 |      0.0677 |        0.8925 |      0.8925 |         nan
   29 |    16064.5563 |  16064.5563 |         nan |        0.0344 |      0.0114 |     -0.1005 |        0.0296 |      0.0129 |     -0.2648 |        0.0134 |      0.0090 |      0.1179 |        0.0220 |      0.0091 |      0.1350 |        0.0208 |      0.0097 |      0.0502 |        0.0219 |      0.0094 |      0.0785 |        0.9007 |      0.9007 |         nan
   30 |    15330.8930 |  15330.8930 |         nan |        0.0276 |      0.0116 |     -0.0996 |        0.0344 |      0.0121 |     -0.1837 |        0.0130 |      0.0089 |      0.1187 |        0.0214 |      0.0093 |      0.1196 |        0.0205 |      0.0092 |      0.0947 |        0.0215 |      0.0095 |      0.0618 |        0.8773 |      0.8773 |         nan
   31 |    14872.7897 |  14872.7897 |         nan |        0.0271 |      0.0114 |     -0.0817 |        0.0320 |      0.0127 |     -0.2479 |        0.0124 |      0.0089 |      0.1189 |        0.0210 |      0.0091 |      0.1113 |        0.0198 |      0.0114 |     -0.0995 |        0.0214 |      0.0096 |      0.0581 |        0.8711 |      0.8711 |         nan
   32 |    14402.7297 |  14402.7297 |         nan |        0.0291 |      0.0118 |     -0.1230 |        0.0287 |      0.0128 |     -0.2461 |        0.0131 |      0.0089 |      0.1183 |        0.0199 |      0.0089 |      0.1276 |        0.0200 |      0.0098 |      0.0401 |        0.0196 |      0.0091 |      0.0971 |        0.8734 |      0.8734 |         nan
   33 |    13939.3834 |  13939.3834 |         nan |        0.0257 |      0.0115 |     -0.0869 |        0.0310 |      0.0129 |     -0.2704 |        0.0133 |      0.0090 |      0.1148 |        0.0195 |      0.0090 |      0.1564 |        0.0193 |      0.0103 |     -0.0021 |        0.0198 |      0.0092 |      0.0928 |        0.9091 |      0.9091 |         nan
   34 |    14244.1113 |  14244.1113 |         nan |        0.0268 |      0.0107 |     -0.0328 |        0.0262 |      0.0115 |     -0.1317 |        0.0127 |      0.0089 |      0.1217 |        0.0200 |      0.0091 |      0.1103 |        0.0183 |      0.0105 |     -0.0304 |        0.0193 |      0.0096 |      0.0685 |        0.9454 |      0.9454 |         nan
   35 |    13943.8453 |  13943.8453 |         nan |        0.0272 |      0.0106 |     -0.0244 |        0.0266 |      0.0124 |     -0.2108 |        0.0115 |      0.0089 |      0.1210 |        0.0191 |      0.0101 |      0.0292 |        0.0178 |      0.0116 |     -0.1242 |        0.0189 |      0.0104 |     -0.0005 |        0.8700 |      0.8700 |         nan
   36 |    13888.8070 |  13888.8070 |         nan |        0.0242 |      0.0108 |     -0.0427 |        0.0269 |      0.0123 |     -0.2064 |        0.0117 |      0.0089 |      0.1251 |        0.0186 |      0.0092 |      0.1036 |        0.0186 |      0.0105 |     -0.0262 |        0.0179 |      0.0092 |      0.0912 |        0.8682 |      0.8682 |         nan
   37 |    13693.7074 |  13693.7074 |         nan |        0.0247 |      0.0109 |     -0.0520 |        0.0268 |      0.0125 |     -0.2154 |        0.0121 |      0.0089 |      0.1219 |        0.0181 |      0.0096 |      0.0636 |        0.0174 |      0.0108 |     -0.0456 |        0.0181 |      0.0094 |      0.0715 |        0.8973 |      0.8973 |         nan
   38 |    13461.6491 |  13461.6491 |         nan |        0.0255 |      0.0112 |     -0.0741 |        0.0299 |      0.0120 |     -0.1682 |        0.0117 |      0.0089 |      0.1196 |        0.0180 |      0.0089 |      0.1364 |        0.0170 |      0.0104 |     -0.0110 |        0.0177 |      0.0092 |      0.0926 |        0.9206 |      0.9206 |         nan
   39 |    13491.3543 |  13491.3543 |         nan |        0.0244 |      0.0114 |     -0.0865 |        0.0277 |      0.0122 |     -0.1852 |        0.0122 |      0.0089 |      0.1213 |        0.0180 |      0.0093 |      0.0835 |        0.0169 |      0.0117 |     -0.1302 |        0.0170 |      0.0090 |      0.1076 |        0.9329 |      0.9329 |         nan
   40 |    13808.1596 |  13808.1596 |         nan |        0.0243 |      0.0103 |      0.0018 |        0.0249 |      0.0109 |     -0.0733 |        0.0122 |      0.0089 |      0.1185 |        0.0170 |      0.0088 |      0.1399 |        0.0163 |      0.0109 |     -0.0556 |        0.0169 |      0.0100 |      0.0182 |        0.8606 |      0.8606 |         nan
   41 |    13366.2542 |  13366.2542 |         nan |        0.0219 |      0.0101 |      0.0193 |        0.0272 |      0.0112 |     -0.1041 |        0.0129 |      0.0090 |      0.1158 |        0.0176 |      0.0093 |      0.0933 |        0.0161 |      0.0113 |     -0.0947 |        0.0177 |      0.0096 |      0.0662 |        0.8874 |      0.8874 |         nan
   42 |    25538.5045 |  25538.5045 |         nan |        0.0259 |      0.0113 |     -0.0794 |        0.0216 |      0.0103 |     -0.0175 |        0.0117 |      0.0090 |      0.1129 |        0.0164 |      0.0091 |      0.1129 |        0.0160 |      0.0106 |     -0.0347 |        0.0158 |      0.0091 |      0.1052 |        0.9046 |      0.9046 |         nan
   43 |    13115.4958 |  13115.4958 |         nan |        0.0202 |      0.0108 |     -0.0387 |        0.0228 |      0.0109 |     -0.0734 |        0.0126 |      0.0090 |      0.1118 |        0.0166 |      0.0089 |      0.1570 |        0.0155 |      0.0098 |      0.0356 |        0.0158 |      0.0098 |      0.0455 |        0.8568 |      0.8568 |         nan
   44 |    13027.2649 |  13027.2649 |         nan |        0.0197 |      0.0102 |      0.0125 |        0.0223 |      0.0112 |     -0.0993 |        0.0114 |      0.0090 |      0.1123 |        0.0160 |      0.0091 |      0.1065 |        0.0161 |      0.0095 |      0.0622 |        0.0154 |      0.0094 |      0.0805 |        0.8953 |      0.8953 |         nan
   45 |    13148.2417 |  13148.2417 |         nan |        0.0217 |      0.0103 |      0.0000 |        0.0200 |      0.0112 |     -0.1000 |        0.0122 |      0.0090 |      0.1143 |        0.0159 |      0.0090 |      0.1263 |        0.0154 |      0.0102 |      0.0079 |        0.0162 |      0.0095 |      0.0698 |        0.8703 |      0.8703 |         nan
   46 |    13220.8196 |  13220.8196 |         nan |        0.0220 |      0.0108 |     -0.0324 |        0.0228 |      0.0113 |     -0.1099 |        0.0112 |      0.0090 |      0.1164 |        0.0161 |      0.0087 |      0.1460 |        0.0151 |      0.0112 |     -0.0882 |        0.0149 |      0.0095 |      0.0713 |        0.8529 |      0.8529 |         nan
   47 |    12497.5328 |  12497.5328 |         nan |        0.0192 |      0.0100 |      0.0270 |        0.0226 |      0.0110 |     -0.0882 |        0.0112 |      0.0090 |      0.1157 |        0.0157 |      0.0089 |      0.1217 |        0.0149 |      0.0097 |      0.0437 |        0.0147 |      0.0106 |     -0.0147 |        0.8719 |      0.8719 |         nan
   48 |    13367.0507 |  13367.0507 |         nan |        0.0199 |      0.0098 |      0.0465 |        0.0201 |      0.0104 |     -0.0280 |        0.0110 |      0.0089 |      0.1206 |        0.0153 |      0.0093 |      0.1095 |        0.0145 |      0.0094 |      0.0732 |        0.0149 |      0.0092 |      0.0966 |        0.8822 |      0.8822 |         nan
   49 |    13188.2528 |  13188.2528 |         nan |        0.0191 |      0.0096 |      0.0586 |        0.0216 |      0.0101 |      0.0013 |        0.0107 |      0.0089 |      0.1218 |        0.0147 |      0.0091 |      0.1036 |        0.0146 |      0.0101 |      0.0117 |        0.0154 |      0.0098 |      0.0365 |        0.8621 |      0.8621 |         nan
   50 |    12636.4118 |  12636.4118 |         nan |        0.0181 |      0.0099 |      0.0310 |        0.0217 |      0.0103 |     -0.0196 |        0.0118 |      0.0089 |      0.1179 |        0.0148 |      0.0087 |      0.1531 |        0.0148 |      0.0103 |     -0.0041 |        0.0148 |      0.0094 |      0.0757 |        0.8630 |      0.8630 |         nan

====================================================================================================================================================================================================================================================================================================================================================================================================================================================================
Best ENCODER Model - Epoch: 47, Val Loss: 12497.5328
Best MLP Model - Epoch: 49, Val Loss: 0.0096, Val R2: 0.0586
Best MLP_EMBEDDING Model - Epoch: 49, Val Loss: 0.0101, Val R2: 0.0013
Best MLP_VAE_EMBEDDING Model - Epoch: 36, Val Loss: 0.0089, Val R2: 0.1251
Best TABM Model - Epoch: 46, Val Loss: 0.0087, Val R2: 0.1460
Best TABM_EMBEDDING Model - Epoch: 30, Val Loss: 0.0092, Val R2: 0.0947
Best TABM_VAE_EMBEDDING Model - Epoch: 39, Val Loss: 0.0090, Val R2: 0.1076
Best VAE_ENCODER Model - Epoch: 46, Val Loss: 0.8529
